s1107_B4_u1ave.cnv
* Sea-Bird SBE 9 Data File:
* FileName = C:\Documents and Settings\LAB\Desktop\Cr.107-3_2018\s1107_B4_u1.dat
* Software Version Seasave Win32 V 5.39c
* Temperature SN = 4376
* Conductivity SN = 2830
* Number of Bytes Per Scan = 24
* Number of Voltage Words = 4
* Number of Scans Averaged by the Deck Unit = 1
** Ship:       M.V. SEAFDEC
** Cruise:     107-3/2018
** Station:    B4_1
** Latitude:   7_47_547
** Longitude:  96_48_341
# nquan = 12
# nvalues = 745                         
# units = specified
# name 0 = depSM: Depth [salt water, m]
# name 1 = t090C: Temperature [ITS-90, deg C]
# name 2 = c0mS/cm: Conductivity [mS/cm]
# name 3 = sal00: Salinity, Practical [PSU]
# name 4 = flSP: Fluorescence, Seapoint
# name 5 = sbeox0ML/L: Oxygen, SBE 43 [ml/l]
# name 6 = sbeox0Mg/L: Oxygen, SBE 43 [mg/l]
# name 7 = ph: pH
# name 8 = density00: Density [density, Kg/m^3]
# name 9 = scan: Scan Count
# name 10 = prDM: Pressure, Digiquartz [db]
# name 11 = flag: flag
# span 0 =      2.000,    746.000       
# span 1 =     7.7315,    28.9847       
# span 2 =  36.261911,  55.322162       
# span 3 =    33.2151,    35.0384       
# span 4 = 4.8535e-01, 7.9697e-01       
# span 5 =    5.68871,    8.64060       
# span 6 =    8.12973,   12.34828       
# span 7 =     -0.099,      7.103       
# span 8 =  1020.7521,  1030.6923       
# span 9 =         -8,      25556       
# span 10 =      2.011,    751.601      
# span 11 = 0.0000e+00, 0.0000e+00      
# interval = meters: 1                  
# start_time = Dec 13 2018 08:55:41
# bad_flag = -9.990e-29
*END*
[from data line 241]
    505.000     9.6554  38.000485    35.0092 4.9727e-01    8.01669   11.45665      0.025  1029.3097       5106    508.495 0.0000e+00
    504.000     9.6754  38.018937    35.0093 4.9596e-01    8.01299   11.45136      0.023  1029.3017       5127    507.486 0.0000e+00
    503.000     9.6871  38.029126    35.0089 5.1661e-01    8.00820   11.44452      0.024  1029.2948       5146    506.478 0.0000e+00
    502.000     9.6921  38.033544    35.0090 5.1376e-01    8.00566   11.44089      0.023  1029.2895       5161    505.470 0.0000e+00
    501.000     9.6941  38.035322    35.0093 6.3299e-01    8.00551   11.44067      0.021  1029.2848       5177    504.462 0.0000e+00
    500.000     9.6985  38.039113    35.0094 5.2219e-01    8.00311   11.43725      0.020  1029.2796       5196    503.454 0.0000e+00
    499.000     9.7299  38.070281    35.0114 5.1747e-01    7.99593   11.42699      0.019  1029.2711       5229    502.446 0.0000e+00
    498.000     9.7703  38.107614    35.0111 5.0912e-01    7.99143   11.42056      0.017  1029.2591       5256    501.438 0.0000e+00
    497.000     9.7861  38.121955    35.0109 4.9747e-01    7.98730   11.41466      0.017  1029.2515       5274    500.430 0.0000e+00
    496.000     9.7927  38.128305    35.0115 4.9679e-01    7.98388   11.40977      0.016  1029.2463       5290    499.421 0.0000e+00
    495.000     9.8040  38.139175    35.0122 4.9983e-01    7.97910   11.40293      0.016  1029.2403       5305    498.413 0.0000e+00
    494.000     9.8187  38.152575    35.0121 4.9806e-01    7.97556   11.39787      0.015  1029.2331       5323    497.405 0.0000e+00
    493.000     9.8324  38.165286    35.0123 5.0366e-01    7.97223   11.39312      0.015  1029.2263       5344    496.397 0.0000e+00
    492.000     9.8367  38.169193    35.0126 5.1095e-01    7.97156   11.39215      0.013  1029.2212       5371    495.389 0.0000e+00
    491.000     9.8373  38.169526    35.0128 4.9667e-01    7.97057   11.39075      0.012  1029.2168       5396    494.381 0.0000e+00
    490.000     9.8380  38.170024    35.0131 4.9946e-01    7.96814   11.38727      0.010  1029.2124       5419    493.373 0.0000e+00
    489.000     9.8411  38.172845    35.0134 5.0062e-01    7.96721   11.38594      0.010  1029.2076       5439    492.365 0.0000e+00
    488.000     9.8491  38.180382    35.0139 5.0432e-01    7.96510   11.38293      0.009  1029.2020       5457    491.357 0.0000e+00
    487.000     9.8544  38.185221    35.0142 5.3533e-01    7.96327   11.38031      0.009  1029.1967       5475    490.349 0.0000e+00
    486.000     9.8688  38.198659    35.0144 4.9706e-01    7.96047   11.37631      0.009  1029.1898       5497    489.340 0.0000e+00
    485.000     9.8773  38.205972    35.0142 5.0056e-01    7.95712   11.37151      0.010  1029.1836       5519    488.333 0.0000e+00
    484.000     9.8837  38.212053    35.0147 4.9875e-01    7.95618   11.37017      0.009  1029.1783       5539    487.324 0.0000e+00
    483.000     9.8925  38.220036    35.0147 4.9943e-01    7.95095   11.36271      0.008  1029.1722       5560    486.317 0.0000e+00
    482.000     9.8987  38.225526    35.0148 5.2104e-01    7.95149   11.36347      0.006  1029.1667       5581    485.308 0.0000e+00
    481.000     9.9022  38.228478    35.0149 5.0139e-01    7.94956   11.36072      0.007  1029.1615       5605    484.300 0.0000e+00
    480.000     9.9061  38.231906    35.0150 5.0424e-01    7.94451   11.35350      0.006  1029.1565       5629    483.292 0.0000e+00
    479.000     9.9160  38.241159    35.0154 5.0009e-01    7.94447   11.35345      0.006  1029.1504       5653    482.284 0.0000e+00
    478.000     9.9278  38.251888    35.0154 4.9809e-01    7.94148   11.34917      0.005  1029.1438       5673    481.276 0.0000e+00
    477.000     9.9416  38.264585    35.0155 5.0049e-01    7.93840   11.34477      0.002  1029.1369       5691    480.268 0.0000e+00
    476.000     9.9555  38.277508    35.0157 5.0368e-01    7.93548   11.34060      0.001  1029.1300       5708    479.260 0.0000e+00
    475.000     9.9748  38.295186    35.0156 5.0056e-01    7.92852   11.33065     -0.000  1029.1220       5727    478.252 0.0000e+00
    474.000     9.9839  38.303157    35.0154 5.0147e-01    7.92704   11.32854     -0.002  1029.1157       5753    477.244 0.0000e+00
    473.000     9.9889  38.307723    35.0157 4.9867e-01    7.92264   11.32225     -0.007  1029.1104       5782    476.236 0.0000e+00
    472.000     9.9944  38.312892    35.0161 4.9878e-01    7.92351   11.32348     -0.010  1029.1052       5804    475.228 0.0000e+00
    471.000    10.0009  38.318577    35.0160 4.9660e-01    7.92092   11.31979     -0.014  1029.0995       5824    474.220 0.0000e+00
    470.000    10.0078  38.324877    35.0163 5.0704e-01    7.91717   11.31442     -0.015  1029.0940       5843    473.212 0.0000e+00
    469.000    10.0149  38.331413    35.0165 5.0122e-01    7.91502   11.31136     -0.017  1029.0884       5863    472.204 0.0000e+00
    468.000    10.0225  38.338310    35.0167 5.0578e-01    7.91512   11.31149     -0.019  1029.0826       5885    471.196 0.0000e+00
    467.000    10.0306  38.345644    35.0168 5.0378e-01    7.91249   11.30774     -0.020  1029.0767       5907    470.188 0.0000e+00
    466.000    10.0355  38.349833    35.0168 5.2928e-01    7.90999   11.30417     -0.019  1029.0713       5931    469.180 0.0000e+00
    465.000    10.0381  38.352219    35.0171 5.1580e-01    7.90842   11.30193     -0.019  1029.0666       5955    468.172 0.0000e+00
    464.000    10.0403  38.353964    35.0173 5.3140e-01    7.90655   11.29926     -0.022  1029.0617       5977    467.164 0.0000e+00
    463.000    10.0408  38.354149    35.0174 5.4915e-01    7.90635   11.29896     -0.023  1029.0573       5999    466.156 0.0000e+00
    462.000    10.0418  38.354984    35.0177 5.0788e-01    7.90451   11.29633     -0.024  1029.0528       6021    465.149 0.0000e+00
    461.000    10.0441  38.356904    35.0180 4.9646e-01    7.90185   11.29254     -0.025  1029.0481       6041    464.141 0.0000e+00
    460.000    10.0519  38.365171    35.0194 4.9843e-01    7.90196   11.29268     -0.025  1029.0432       6059    463.133 0.0000e+00
    459.000    10.0759  38.387016    35.0189 5.0471e-01    7.89797   11.28699     -0.024  1029.0340       6077    462.125 0.0000e+00
    458.000    10.0854  38.395702    35.0190 5.0141e-01    7.89319   11.28015     -0.023  1029.0278       6103    461.117 0.0000e+00
    457.000    10.0996  38.409338    35.0197 5.0276e-01    7.89063   11.27650     -0.023  1029.0213       6136    460.109 0.0000e+00
    456.000    10.1185  38.426875    35.0197 5.0176e-01    7.88684   11.27108     -0.024  1029.0133       6160    459.101 0.0000e+00
    455.000    10.1268  38.434942    35.0204 5.0137e-01    7.88450   11.26773     -0.025  1029.0079       6179    458.093 0.0000e+00
    454.000    10.1500  38.457103    35.0209 5.0133e-01    7.87794   11.25837     -0.023  1028.9996       6196    457.085 0.0000e+00
    453.000    10.1708  38.475176    35.0197 5.0061e-01    7.87485   11.25395     -0.024  1028.9903       6213    456.077 0.0000e+00
    452.000    10.1780  38.480860    35.0190 5.0573e-01    7.87233   11.25035     -0.024  1028.9840       6233    455.069 0.0000e+00
    451.000    10.1847  38.486509    35.0188 5.0404e-01    7.86893   11.24548     -0.025  1028.9781       6257    454.062 0.0000e+00
    450.000    10.1909  38.492220    35.0190 5.0171e-01    7.86834   11.24464     -0.029  1028.9726       6289    453.053 0.0000e+00
    449.000    10.2046  38.504557    35.0189 5.0631e-01    7.86492   11.23976     -0.030  1028.9655       6316    452.046 0.0000e+00
    448.000    10.2096  38.508823    35.0188 5.0119e-01    7.86254   11.23636     -0.034  1028.9600       6336    451.038 0.0000e+00
    447.000    10.2139  38.512600    35.0190 5.0054e-01    7.86057   11.23354     -0.033  1028.9548       6353    450.030 0.0000e+00
    446.000    10.2239  38.523080    35.0205 5.0129e-01    7.85928   11.23169     -0.035  1028.9497       6369    449.022 0.0000e+00
    445.000    10.2502  38.546423    35.0193 5.0564e-01    7.85242   11.22189     -0.035  1028.9394       6388    448.014 0.0000e+00
    444.000    10.2535  38.548966    35.0191 5.0704e-01    7.85202   11.22132     -0.036  1028.9342       6418    447.006 0.0000e+00
    443.000    10.2623  38.558109    35.0204 5.0507e-01    7.84937   11.21753     -0.037  1028.9291       6451    445.998 0.0000e+00
    442.000    10.2902  38.584646    35.0209 5.0365e-01    7.84566   11.21223     -0.036  1028.9199       6475    444.991 0.0000e+00
    441.000    10.3034  38.597114    35.0213 5.0567e-01    7.84152   11.20632     -0.037  1028.9132       6493    443.983 0.0000e+00
    440.000    10.3125  38.605354    35.0213 4.9974e-01    7.83963   11.20361     -0.037  1028.9070       6510    442.975 0.0000e+00
    439.000    10.3139  38.606397    35.0216 4.9794e-01    7.83819   11.20156     -0.036  1028.9025       6526    441.967 0.0000e+00
    438.000    10.3149  38.607225    35.0219 5.1195e-01    7.83605   11.19849     -0.035  1028.8980       6547    440.959 0.0000e+00
    437.000    10.3166  38.608784    35.0223 5.0438e-01    7.83578   11.19811     -0.030  1028.8935       6578    439.951 0.0000e+00
    436.000    10.3215  38.613435    35.0227 4.9967e-01    7.83313   11.19433     -0.026  1028.8884       6608    438.944 0.0000e+00
    435.000    10.3276  38.619120    35.0230 5.0485e-01    7.83199   11.19269     -0.025  1028.8831       6627    437.936 0.0000e+00
    434.000    10.3315  38.622484    35.0232 5.0015e-01    7.83177   11.19238     -0.023  1028.8780       6646    436.928 0.0000e+00
    433.000    10.3354  38.625873    35.0233 5.0569e-01    7.83135   11.19179     -0.021  1028.8728       6665    435.920 0.0000e+00
    432.000    10.3378  38.627944    35.0235 5.0501e-01    7.82769   11.18655     -0.020  1028.8680       6688    434.912 0.0000e+00
    431.000    10.3456  38.635180    35.0238 5.0374e-01    7.82632   11.18459     -0.016  1028.8624       6714    433.904 0.0000e+00
    430.000    10.3528  38.641241    35.0234 5.0431e-01    7.82352   11.18060     -0.016  1028.8562       6736    432.897 0.0000e+00
    429.000    10.3562  38.643751    35.0232 5.0895e-01    7.82288   11.17968     -0.015  1028.8509       6754    431.889 0.0000e+00
    428.000    10.3595  38.645984    35.0227 5.0876e-01    7.82127   11.17738     -0.012  1028.8454       6773    430.881 0.0000e+00
    427.000    10.3725  38.657759    35.0225 5.1001e-01    7.81846   11.17336     -0.011  1028.8384       6805    429.873 0.0000e+00
    426.000    10.3888  38.671836    35.0216 5.0317e-01    7.81509   11.16854     -0.011  1028.8302       6837    428.866 0.0000e+00
    425.000    10.3968  38.679942    35.0226 4.9981e-01    7.81031   11.16172     -0.010  1028.8249       6854    427.858 0.0000e+00
    424.000    10.4229  38.704851    35.0232 5.0062e-01    7.80596   11.15550     -0.010  1028.8161       6869    426.850 0.0000e+00
    423.000    10.4365  38.716786    35.0226 5.0555e-01    7.80476   11.15378     -0.009  1028.8086       6884    425.842 0.0000e+00
    422.000    10.4503  38.729401    35.0225 5.1683e-01    7.80122   11.14872     -0.008  1028.8015       6904    424.835 0.0000e+00
    421.000    10.4565  38.734932    35.0226 5.1577e-01    7.79825   11.14448     -0.008  1028.7959       6934    423.827 0.0000e+00
    420.000    10.4610  38.738965    35.0229 5.1460e-01    7.79641   11.14184     -0.007  1028.7908       6966    422.819 0.0000e+00
    419.000    10.4679  38.745280    35.0230 5.0577e-01    7.79452   11.13915     -0.007  1028.7851       6989    421.812 0.0000e+00
    418.000    10.4768  38.753695    35.0235 4.9943e-01    7.79297   11.13693     -0.008  1028.7793       7009    420.804 0.0000e+00
    417.000    10.4887  38.764263    35.0231 5.0455e-01    7.78971   11.13227     -0.006  1028.7723       7028    419.796 0.0000e+00
    416.000    10.5014  38.776311    35.0236 5.0673e-01    7.78652   11.12771     -0.006  1028.7659       7047    418.788 0.0000e+00
    415.000    10.5101  38.783969    35.0234 5.0307e-01    7.78479   11.12524     -0.006  1028.7596       7066    417.781 0.0000e+00
    414.000    10.5182  38.791349    35.0235 5.0147e-01    7.78349   11.12338     -0.006  1028.7537       7089    416.773 0.0000e+00
    413.000    10.5245  38.797255    35.0239 5.0323e-01    7.78029   11.11881     -0.005  1028.7483       7128    415.765 0.0000e+00
    412.000    10.5418  38.813646    35.0243 4.9993e-01    7.77553   11.11200     -0.006  1028.7409       7156    414.757 0.0000e+00
    411.000    10.5536  38.824015    35.0238 5.0560e-01    7.77321   11.10870     -0.004  1028.7339       7173    413.750 0.0000e+00
    410.000    10.5602  38.830280    35.0243 5.5473e-01    7.77312   11.10856     -0.005  1028.7285       7188    412.742 0.0000e+00
    409.000    10.5695  38.838541    35.0242 5.0141e-01    7.77082   11.10527     -0.004  1028.7222       7203    411.734 0.0000e+00
    408.000    10.5829  38.851630    35.0250 5.1572e-01    7.76789   11.10109     -0.003  1028.7159       7222    410.727 0.0000e+00
    407.000    10.6059  38.872530    35.0244 5.0608e-01    7.76105   11.09132     -0.002  1028.7066       7258    409.719 0.0000e+00
    406.000    10.6231  38.888947    35.0249 5.0485e-01    7.75948   11.08907     -0.002  1028.6993       7289    408.711 0.0000e+00
    405.000    10.6357  38.900794    35.0252 5.0552e-01    7.75496   11.08261     -0.002  1028.6927       7311    407.704 0.0000e+00
    404.000    10.6401  38.904213    35.0249 5.0122e-01    7.75299   11.07980     -0.001  1028.6871       7330    406.696 0.0000e+00
    403.000    10.6422  38.906146    35.0253 5.0686e-01    7.75346   11.08047     -0.001  1028.6825       7348    405.689 0.0000e+00
    402.000    10.6487  38.912244    35.0256 5.0733e-01    7.75047   11.07619     -0.000  1028.6771       7367    404.681 0.0000e+00
    401.000    10.6598  38.923031    35.0263 5.1839e-01    7.74800   11.07266      0.003  1028.6710       7391    403.673 0.0000e+00
    400.000    10.6702  38.932658    35.0264 5.0795e-01    7.74496   11.06832      0.004  1028.6647       7426    402.665 0.0000e+00
    399.000    10.6797  38.941605    35.0268 5.0637e-01    7.74343   11.06613      0.006  1028.6587       7449    401.658 0.0000e+00
    398.000    10.6953  38.955809    35.0266 5.1067e-01    7.73914   11.06000      0.006  1028.6512       7467    400.650 0.0000e+00
    397.000    10.7267  38.984100    35.0254 5.0593e-01    7.73255   11.05059      0.007  1028.6399       7486    399.643 0.0000e+00
    396.000    10.7384  38.993991    35.0246 5.0163e-01    7.72665   11.04215      0.008  1028.6325       7509    398.635 0.0000e+00
    395.000    10.7456  39.000704    35.0249 5.0725e-01    7.72475   11.03944      0.002  1028.6270       7540    397.627 0.0000e+00
    394.000    10.7544  39.008500    35.0248 5.0204e-01    7.72265   11.03644     -0.008  1028.6207       7566    396.620 0.0000e+00
    393.000    10.7591  39.013131    35.0253 5.0768e-01    7.72094   11.03400     -0.015  1028.6158       7587    395.612 0.0000e+00
    392.000    10.7948  39.050661    35.0294 5.0449e-01    7.71275   11.02229     -0.021  1028.6077       7608    394.604 0.0000e+00
    391.000    10.8217  39.075471    35.0289 5.0908e-01    7.70271   11.00794     -0.026  1028.5978       7629    393.597 0.0000e+00
    390.000    10.8284  39.080391    35.0279 5.1226e-01    7.69845   11.00185     -0.033  1028.5913       7651    392.589 0.0000e+00
    389.000    10.8284  39.079817    35.0278 5.0707e-01    7.70062   11.00495     -0.047  1028.5867       7673    391.582 0.0000e+00
    388.000    10.8278  39.078782    35.0278 5.1790e-01    7.69931   11.00309     -0.065  1028.5823       7700    390.574 0.0000e+00
    387.000    10.8298  39.080396    35.0279 5.0677e-01    7.70061   11.00494     -0.081  1028.5775       7733    389.567 0.0000e+00
