s1107_D3_u1ave.cnv
* Sea-Bird SBE 9 Data File:
* FileName = C:\Documents and Settings\LAB\Desktop\Cr.107-3_2018\s1107_D3_u1.dat
* Software Version Seasave Win32 V 5.39c
* Temperature SN = 4376
* Conductivity SN = 2830
* Number of Bytes Per Scan = 24
* Number of Voltage Words = 4
* Number of Scans Averaged by the Deck Unit = 1
** Ship:       M.V. SEAFDEC
** Cruise:     107-3/2018
** Station:    D3_1
** Latitude:   09_35_588
** Longitude:  96_05_490
# nquan = 12
# nvalues = 756                         
# units = specified
# name 0 = depSM: Depth [salt water, m]
# name 1 = t090C: Temperature [ITS-90, deg C]
# name 2 = c0mS/cm: Conductivity [mS/cm]
# name 3 = sal00: Salinity, Practical [PSU]
# name 4 = flSP: Fluorescence, Seapoint
# name 5 = sbeox0ML/L: Oxygen, SBE 43 [ml/l]
# name 6 = sbeox0Mg/L: Oxygen, SBE 43 [mg/l]
# name 7 = ph: pH
# name 8 = density00: Density [density, Kg/m^3]
# name 9 = scan: Scan Count
# name 10 = prDM: Pressure, Digiquartz [db]
# name 11 = flag: flag
# span 0 =      1.000,    755.000       
# span 1 =     7.8874,    28.8985       
# span 2 =  36.413432,  54.491042       
# span 3 =    32.6080,    35.0237       
# span 4 = 4.3886e-01, 8.1246e-01       
# span 5 =    5.69276,    8.64708       
# span 6 =    8.13552,   12.35754       
# span 7 =     -0.178,      7.126       
# span 8 =  1020.3497,  1030.7092       
# span 9 =       -152,      23479       
# span 10 =      1.006,    760.684      
# span 11 = 0.0000e+00, 0.0000e+00      
# interval = meters: 1                  
# start_time = Dec 14 2018 15:25:00
# bad_flag = -9.990e-29
*END*
[from data line 722]
     34.000    28.8556  53.919911    32.7814 6.9537e-01    5.71467    8.16684      7.017  1020.5938      22552     34.196 0.0000e+00
     33.000    28.8487  53.900385    32.7730 6.6673e-01    5.71560    8.16817      7.011  1020.5855      22573     33.190 0.0000e+00
     32.000    28.8442  53.887921    32.7679 6.3145e-01    5.71536    8.16783      7.006  1020.5788      22591     32.184 0.0000e+00
     31.000    28.8392  53.873658    32.7618 6.6199e-01    5.71678    8.16985      7.016  1020.5716      22610     31.179 0.0000e+00
     30.000    28.8325  53.855792    32.7545 6.6715e-01    5.71709    8.17029      7.006  1020.5640      22632     30.173 0.0000e+00
     29.000    28.8292  53.846475    32.7507 6.5762e-01    5.71796    8.17153      7.039  1020.5579      22658     29.167 0.0000e+00
     28.000    28.8279  53.840328    32.7476 6.4766e-01    5.71776    8.17126      7.054  1020.5518      22679     28.161 0.0000e+00
     27.000    28.8275  53.834608    32.7443 6.8763e-01    5.71707    8.17026      7.042  1020.5450      22697     27.155 0.0000e+00
     26.000    28.8274  53.827155    32.7395 6.2849e-01    5.71742    8.17076      7.031  1020.5372      22714     26.149 0.0000e+00
     25.000    28.8278  53.822613    32.7365 6.5255e-01    5.71705    8.17023      7.053  1020.5305      22734     25.144 0.0000e+00
     24.000    28.8278  53.819818    32.7348 6.4977e-01    5.71702    8.17019      7.048  1020.5249      22760     24.138 0.0000e+00
     23.000    28.8284  53.815009    32.7314 6.4223e-01    5.71788    8.17143      7.030  1020.5178      22789     23.132 0.0000e+00
     22.000    28.8285  53.811663    32.7293 6.2947e-01    5.71768    8.17113      7.029  1020.5119      22810     22.126 0.0000e+00
     21.000    28.8285  53.808428    32.7273 6.4166e-01    5.71634    8.16921      7.048  1020.5061      22827     21.120 0.0000e+00
     20.000    28.8293  53.804654    32.7245 6.4263e-01    5.71662    8.16962      7.045  1020.4994      22845     20.115 0.0000e+00
     19.000    28.8296  53.802280    32.7229 6.3168e-01    5.71651    8.16947      7.019  1020.4938      22865     19.109 0.0000e+00
     18.000    28.8297  53.800174    32.7217 6.4107e-01    5.71651    8.16946      7.028  1020.4886      22894     18.103 0.0000e+00
     17.000    28.8296  53.798533    32.7209 6.4775e-01    5.71625    8.16909      7.052  1020.4837      22930     17.097 0.0000e+00
     16.000    28.8298  53.791769    32.7165 6.3934e-01    5.71610    8.16887      7.063  1020.4760      22952     16.092 0.0000e+00
     15.000    28.8274  53.766114    32.7008 6.5316e-01    5.71654    8.16951      7.054  1020.4607      22974     15.086 0.0000e+00
     14.000    28.8169  53.701654    32.6642 6.4176e-01    5.71927    8.17342      7.055  1020.4324      23017     14.080 0.0000e+00
     13.000    28.8153  53.694825    32.6610 6.4160e-01    5.71985    8.17424      7.048  1020.4262      23072     13.074 0.0000e+00
     12.000    28.8098  53.659909    32.6412 6.5245e-01    5.72068    8.17543      7.050  1020.4089      23099     12.068 0.0000e+00
     11.000    28.8090  53.660096    32.6421 6.5247e-01    5.72069    8.17544      7.063  1020.4055      23137     11.063 0.0000e+00
     10.000    28.8057  53.641337    32.6318 6.8068e-01    5.72205    8.17739      7.045  1020.3946      23179     10.057 0.0000e+00
      9.000    28.8022  53.623549    32.6223 6.4579e-01    5.72206    8.17739      7.040  1020.3843      23214      9.051 0.0000e+00
      8.000    28.7969  53.597184    32.6082 6.4045e-01    5.72349    8.17944      7.069  1020.3711      23268      8.046 0.0000e+00
      7.000    28.7970  53.596557    32.6080 5.9714e-01    5.72265    8.17824      7.051  1020.3666      23293      7.040 0.0000e+00
      6.000    28.8029  53.613070    32.6155 6.5401e-01    5.72201    8.17733      7.028  1020.3660      23312      6.034 0.0000e+00
      5.000    28.8046  53.615816    32.6165 6.3121e-01    5.72188    8.17714      7.036  1020.3619      23362      5.029 0.0000e+00
      4.000    28.8051  53.620131    32.6194 7.2960e-01    5.72145    8.17652      7.032  1020.3595      23419      4.023 0.0000e+00
      3.000    28.8026  53.620616    32.6218 6.8088e-01    5.72203    8.17735      7.037  1020.3579      23434      3.017 0.0000e+00
      2.000    28.8016  53.618928    32.6216 6.9422e-01    5.72164    8.17680      7.071  1020.3537      23450      2.011 0.0000e+00
      1.000    28.8008  53.617938    32.6216 7.3007e-01    5.72202    8.17735      7.126  1020.3497      23479      1.006 0.0000e+00
