s1107_B4_u1ave.cnv
* Sea-Bird SBE 9 Data File:
* FileName = C:\Documents and Settings\LAB\Desktop\Cr.107-3_2018\s1107_B4_u1.dat
* Software Version Seasave Win32 V 5.39c
* Temperature SN = 4376
* Conductivity SN = 2830
* Number of Bytes Per Scan = 24
* Number of Voltage Words = 4
* Number of Scans Averaged by the Deck Unit = 1
** Ship:       M.V. SEAFDEC
** Cruise:     107-3/2018
** Station:    B4_1
** Latitude:   7_47_547
** Longitude:  96_48_341
# nquan = 12
# nvalues = 745                         
# units = specified
# name 0 = depSM: Depth [salt water, m]
# name 1 = t090C: Temperature [ITS-90, deg C]
# name 2 = c0mS/cm: Conductivity [mS/cm]
# name 3 = sal00: Salinity, Practical [PSU]
# name 4 = flSP: Fluorescence, Seapoint
# name 5 = sbeox0ML/L: Oxygen, SBE 43 [ml/l]
# name 6 = sbeox0Mg/L: Oxygen, SBE 43 [mg/l]
# name 7 = ph: pH
# name 8 = density00: Density [density, Kg/m^3]
# name 9 = scan: Scan Count
# name 10 = prDM: Pressure, Digiquartz [db]
# name 11 = flag: flag
# span 0 =      2.000,    746.000       
# span 1 =     7.7315,    28.9847       
# span 2 =  36.261911,  55.322162       
# span 3 =    33.2151,    35.0384       
# span 4 = 4.8535e-01, 7.9697e-01       
# span 5 =    5.68871,    8.64060       
# span 6 =    8.12973,   12.34828       
# span 7 =     -0.099,      7.103       
# span 8 =  1020.7521,  1030.6923       
# span 9 =         -8,      25556       
# span 10 =      2.011,    751.601      
# span 11 = 0.0000e+00, 0.0000e+00      
# interval = meters: 1                  
# start_time = Dec 13 2018 08:55:41
# bad_flag = -9.990e-29
*END*
[from data line 482]
    264.000    11.8953  40.040179    35.0226 5.0818e-01    7.43825   10.63000      0.079  1027.8162      11023    265.672 0.0000e+00
    263.000    11.8987  40.043248    35.0227 4.9928e-01    7.43862   10.63054      0.073  1027.8111      11043    264.664 0.0000e+00
    262.000    11.9130  40.055661    35.0220 5.6361e-01    7.43449   10.62462      0.069  1027.8032      11065    263.657 0.0000e+00
    261.000    11.9180  40.059718    35.0217 5.0736e-01    7.43297   10.62246      0.064  1027.7975      11099    262.650 0.0000e+00
    260.000    11.9253  40.066447    35.0218 5.0622e-01    7.43091   10.61951      0.058  1027.7917      11147    261.644 0.0000e+00
    259.000    11.9357  40.075158    35.0210 5.0225e-01    7.42942   10.61739      0.055  1027.7846      11173    260.637 0.0000e+00
    258.000    11.9419  40.080576    35.0209 5.0067e-01    7.42691   10.61380      0.055  1027.7787      11196    259.629 0.0000e+00
    257.000    11.9475  40.085199    35.0206 5.0512e-01    7.42395   10.60957      0.052  1027.7730      11232    258.623 0.0000e+00
    256.000    11.9502  40.087543    35.0208 5.3033e-01    7.42275   10.60785      0.048  1027.7681      11265    257.616 0.0000e+00
    255.000    11.9620  40.097340    35.0197 5.3309e-01    7.42139   10.60590      0.048  1027.7604      11291    256.609 0.0000e+00
    254.000    11.9974  40.129641    35.0185 5.3412e-01    7.41571   10.59779      0.048  1027.7481      11330    255.602 0.0000e+00
    253.000    12.0354  40.163449    35.0162 5.0594e-01    7.40815   10.58699      0.048  1027.7343      11369    254.595 0.0000e+00
    252.000    12.0415  40.168826    35.0161 5.1174e-01    7.40702   10.58537      0.049  1027.7286      11393    253.588 0.0000e+00
    251.000    12.0478  40.174259    35.0160 5.1760e-01    7.40590   10.58378      0.045  1027.7228      11414    252.581 0.0000e+00
    250.000    12.0756  40.199754    35.0151 5.0202e-01    7.40013   10.57552      0.042  1027.7121      11454    251.574 0.0000e+00
    249.000    12.0956  40.217324    35.0140 5.1084e-01    7.39695   10.57098      0.040  1027.7028      11497    250.567 0.0000e+00
    248.000    12.1011  40.222365    35.0142 4.9969e-01    7.39490   10.56805      0.040  1027.6974      11521    249.560 0.0000e+00
    247.000    12.1071  40.227349    35.0138 4.9407e-01    7.39291   10.56521      0.040  1027.6915      11544    248.553 0.0000e+00
    246.000    12.1202  40.239245    35.0135 5.0283e-01    7.39114   10.56268      0.041  1027.6841      11573    247.547 0.0000e+00
    245.000    12.1682  40.282739    35.0113 5.0445e-01    7.38247   10.55028      0.043  1027.6685      11616    246.540 0.0000e+00
    244.000    12.2274  40.336889    35.0089 5.1894e-01    7.37311   10.53691      0.043  1027.6504      11656    245.533 0.0000e+00
    243.000    12.2645  40.368675    35.0056 5.1081e-01    7.36822   10.52993      0.041  1027.6360      11678    244.526 0.0000e+00
    242.000    12.2753  40.378248    35.0051 5.3204e-01    7.36797   10.52957      0.042  1027.6290      11699    243.519 0.0000e+00
    241.000    12.3018  40.402836    35.0047 5.1036e-01    7.36252   10.52177      0.043  1027.6189      11728    242.512 0.0000e+00
    240.000    12.3258  40.422374    35.0016 5.1827e-01    7.35753   10.51465      0.050  1027.6073      11770    241.505 0.0000e+00
    239.000    12.3652  40.457052    34.9989 5.1326e-01    7.34964   10.50337      0.056  1027.5928      11802    240.499 0.0000e+00
    238.000    12.3810  40.469248    34.9964 5.0891e-01    7.34794   10.50094      0.055  1027.5833      11831    239.492 0.0000e+00
    237.000    12.3799  40.465558    34.9943 5.0474e-01    7.34698   10.49956      0.050  1027.5774      11857    238.485 0.0000e+00
    236.000    12.3925  40.476691    34.9937 5.0483e-01    7.34090   10.49088      0.046  1027.5699      11882    237.478 0.0000e+00
    235.000    12.4092  40.491786    34.9931 5.0647e-01    7.33964   10.48908      0.035  1027.5617      11921    236.471 0.0000e+00
    234.000    12.4345  40.516094    34.9935 4.9714e-01    7.33560   10.48331      0.028  1027.5524      11964    235.464 0.0000e+00
    233.000    12.5027  40.579391    34.9915 5.0758e-01    7.32563   10.46907      0.029  1027.5327      11985    234.457 0.0000e+00
    232.000    12.5517  40.620603    34.9861 5.0434e-01    7.31703   10.45676      0.031  1027.5142      12004    233.450 0.0000e+00
    231.000    12.5801  40.645352    34.9839 5.0897e-01    7.31347   10.45168      0.032  1027.5024      12032    232.444 0.0000e+00
    230.000    12.6015  40.663456    34.9819 5.0397e-01    7.30984   10.44649      0.035  1027.4920      12087    231.437 0.0000e+00
    229.000    12.6355  40.691743    34.9779 5.1839e-01    7.30430   10.43858      0.036  1027.4776      12111    230.430 0.0000e+00
    228.000    12.6674  40.718270    34.9743 5.0478e-01    7.29574   10.42634      0.037  1027.4639      12130    229.424 0.0000e+00
    227.000    12.6863  40.735218    34.9734 5.0278e-01    7.29174   10.42063      0.033  1027.4549      12151    228.417 0.0000e+00
    226.000    12.6968  40.744685    34.9732 5.0040e-01    7.29036   10.41866      0.021  1027.4482      12183    227.410 0.0000e+00
    225.000    12.7163  40.762416    34.9726 5.0810e-01    7.28666   10.41336      0.006  1027.4392      12240    226.403 0.0000e+00
    224.000    12.7390  40.782674    34.9714 5.4886e-01    7.28348   10.40882      0.005  1027.4292      12264    225.396 0.0000e+00
    223.000    12.7691  40.808422    34.9686 4.9508e-01    7.27806   10.40107      0.004  1027.4165      12281    224.390 0.0000e+00
    222.000    12.7808  40.818574    34.9680 5.0495e-01    7.27606   10.39821      0.002  1027.4091      12299    223.383 0.0000e+00
    221.000    12.7951  40.831405    34.9674 5.3391e-01    7.27214   10.39262      0.002  1027.4013      12326    222.376 0.0000e+00
    220.000    12.8208  40.854506    34.9661 5.2846e-01    7.26906   10.38821     -0.003  1027.3906      12398    221.369 0.0000e+00
    219.000    12.8262  40.858487    34.9654 5.1722e-01    7.26826   10.38706     -0.003  1027.3845      12418    220.362 0.0000e+00
    218.000    12.8276  40.860176    34.9662 6.6358e-01    7.26558   10.38324     -0.002  1027.3803      12432    219.356 0.0000e+00
    217.000    12.8741  40.902832    34.9644 6.0564e-01    7.25895   10.37377      0.001  1027.3650      12447    218.349 0.0000e+00
    216.000    12.9444  40.965712    34.9599 5.1515e-01    7.24758   10.35752      0.001  1027.3428      12468    217.342 0.0000e+00
    215.000    13.0124  41.026902    34.9559 5.1486e-01    7.24019   10.34696      0.008  1027.3212      12535    216.335 0.0000e+00
    214.000    13.0252  41.040256    34.9572 5.5537e-01    7.23984   10.34645      0.009  1027.3152      12556    215.329 0.0000e+00
    213.000    13.1099  41.119352    34.9549 5.1440e-01    7.22314   10.32258      0.014  1027.2915      12574    214.322 0.0000e+00
    212.000    13.1616  41.163000    34.9492 5.0007e-01    7.21607   10.31249      0.016  1027.2720      12594    213.315 0.0000e+00
    211.000    13.2040  41.200796    34.9465 5.1224e-01    7.21035   10.30431      0.017  1027.2566      12631    212.308 0.0000e+00
    210.000    13.2326  41.226959    34.9454 5.2548e-01    7.20658   10.29892      0.017  1027.2454      12683    211.302 0.0000e+00
    209.000    13.2417  41.236011    34.9461 5.0128e-01    7.20401   10.29524      0.018  1027.2396      12705    210.295 0.0000e+00
    208.000    13.2546  41.247644    34.9457 5.0597e-01    7.20007   10.28962      0.019  1027.2321      12721    209.288 0.0000e+00
    207.000    13.2632  41.254931    34.9451 5.0219e-01    7.19828   10.28706      0.021  1027.2255      12737    208.282 0.0000e+00
    206.000    13.3033  41.292206    34.9440 5.0572e-01    7.19239   10.27865      0.027  1027.2118      12771    207.275 0.0000e+00
    205.000    13.3399  41.325713    34.9426 5.5760e-01    7.18954   10.27457      0.038  1027.1986      12827    206.268 0.0000e+00
    204.000    13.3668  41.350489    34.9417 5.3587e-01    7.18676   10.27060      0.044  1027.1879      12849    205.261 0.0000e+00
    203.000    13.4209  41.401084    34.9403 5.4392e-01    7.17676   10.25630      0.051  1027.1711      12871    204.255 0.0000e+00
    202.000    13.4924  41.464201    34.9347 5.1975e-01    7.16703   10.24240      0.057  1027.1474      12895    203.248 0.0000e+00
    201.000    13.5591  41.523203    34.9298 5.1893e-01    7.15911   10.23108      0.068  1027.1251      12923    202.241 0.0000e+00
    200.000    13.6148  41.572830    34.9260 5.3827e-01    7.15363   10.22325      0.089  1027.1061      12960    201.235 0.0000e+00
    199.000    13.8187  41.758277    34.9144 5.3406e-01    7.12819   10.18689      0.126  1027.0496      13813    200.228 0.0000e+00
    198.000    13.9418  41.869086    34.9064 5.2128e-01    7.11418   10.16687      0.133  1027.0128      14148    199.221 0.0000e+00
    197.000    13.9778  41.899237    34.9022 5.1792e-01    7.10838   10.15859      0.139  1026.9974      14155    198.215 0.0000e+00
    196.000    14.0178  41.931141    34.8962 5.1346e-01    7.09998   10.14659      0.143  1026.9798      14176    197.208 0.0000e+00
    195.000    14.0381  41.945086    34.8912 5.3770e-01    7.09046   10.13297      0.124  1026.9671      14229    196.202 0.0000e+00
    194.000    14.0899  41.995203    34.8912 5.2908e-01    7.07973   10.11765      0.082  1026.9515      14273    195.195 0.0000e+00
    193.000    14.2597  42.141268    34.8736 5.8141e-01    7.06109   10.09100      0.074  1026.8970      14293    194.188 0.0000e+00
    192.000    14.3156  42.189956    34.8686 5.2977e-01    7.05797   10.08655      0.066  1026.8767      14315    193.182 0.0000e+00
    191.000    14.3499  42.222078    34.8679 5.3590e-01    7.05113   10.07677      0.074  1026.8642      14367    192.175 0.0000e+00
    190.000    14.3729  42.243798    34.8676 5.4571e-01    7.04710   10.07101      0.090  1026.8545      14413    191.168 0.0000e+00
    189.000    14.4146  42.281738    34.8655 5.2760e-01    7.04075   10.06194      0.095  1026.8394      14440    190.162 0.0000e+00
    188.000    14.4414  42.305433    34.8636 5.3338e-01    7.03879   10.05914      0.098  1026.8277      14464    189.155 0.0000e+00
    187.000    14.4762  42.336567    34.8614 5.4154e-01    7.03372   10.05188      0.106  1026.8139      14496    188.149 0.0000e+00
    186.000    14.5061  42.363597    34.8598 5.3455e-01    7.02935   10.04564      0.132  1026.8017      14570    187.142 0.0000e+00
    185.000    14.5270  42.382042    34.8584 5.3911e-01    7.02640   10.04143      0.136  1026.7917      14588    186.135 0.0000e+00
    184.000    14.5545  42.405591    34.8558 5.3868e-01    7.02111   10.03387      0.141  1026.7791      14607    185.129 0.0000e+00
    183.000    14.5747  42.423261    34.8543 5.3789e-01    7.01835   10.02993      0.149  1026.7691      14647    184.122 0.0000e+00
    182.000    14.5838  42.431632    34.8543 5.5033e-01    7.01787   10.02924      0.164  1026.7627      14715    183.116 0.0000e+00
    181.000    14.5907  42.437386    34.8538 5.3880e-01    7.01563   10.02604      0.168  1026.7563      14731    182.109 0.0000e+00
    180.000    14.6029  42.447613    34.8526 5.3111e-01    7.01206   10.02093      0.169  1026.7483      14749    181.102 0.0000e+00
    179.000    14.6320  42.471615    34.8489 5.4982e-01    7.00813   10.01532      0.170  1026.7346      14804    180.096 0.0000e+00
    178.000    14.6567  42.493362    34.8471 5.4569e-01    7.00417   10.00965      0.171  1026.7233      14851    179.089 0.0000e+00
    177.000    14.6927  42.525187    34.8445 5.1642e-01    6.99830   10.00128      0.171  1026.7090      14876    178.083 0.0000e+00
    176.000    14.8006  42.621260    34.8362 5.4637e-01    6.98361    9.98028      0.172  1026.6744      14912    177.076 0.0000e+00
    175.000    14.8541  42.669918    34.8334 5.7327e-01    6.97599    9.96938      0.163  1026.6560      14971    176.070 0.0000e+00
    174.000    14.8926  42.707059    34.8333 5.1661e-01    6.96878    9.95909      0.152  1026.6430      15020    175.063 0.0000e+00
    173.000    14.9330  42.743268    34.8306 5.6209e-01    6.96210    9.94954      0.149  1026.6275      15043    174.057 0.0000e+00
    172.000    14.9479  42.756234    34.8296 5.3992e-01    6.96027    9.94692      0.140  1026.6189      15082    173.050 0.0000e+00
    171.000    14.9701  42.776662    34.8288 5.6893e-01    6.95828    9.94407      0.130  1026.6089      15147    172.044 0.0000e+00
    170.000    15.0599  42.856824    34.8221 6.0369e-01    6.94427    9.92405      0.134  1026.5793      15180    171.037 0.0000e+00
    169.000    15.1420  42.928777    34.8148 5.4511e-01    6.93599    9.91223      0.137  1026.5510      15213    170.031 0.0000e+00
    168.000    15.2169  42.993617    34.8075 5.3476e-01    6.92620    9.89823      0.142  1026.5241      15250    169.024 0.0000e+00
    167.000    15.2610  43.034230    34.8055 5.4315e-01    6.91954    9.88871      0.150  1026.5083      15309    168.018 0.0000e+00
    166.000    15.2927  43.062711    34.8036 5.6993e-01    6.91481    9.88195      0.153  1026.4952      15342    167.011 0.0000e+00
    165.000    15.3634  43.125268    34.7978 5.6065e-01    6.90491    9.86781      0.156  1026.4705      15375    166.005 0.0000e+00
    164.000    15.4610  43.211766    34.7899 5.5137e-01    6.89505    9.85371      0.163  1026.4379      15430    164.998 0.0000e+00
    163.000    15.5652  43.301783    34.7792 5.2111e-01    6.87992    9.83209      0.169  1026.4016      15469    163.992 0.0000e+00
    162.000    15.6694  43.391886    34.7686 5.3965e-01    6.86901    9.81649      0.178  1026.3653      15507    162.985 0.0000e+00
    161.000    15.7030  43.420405    34.7651 5.3727e-01    6.86647    9.81287      0.198  1026.3505      15548    161.979 0.0000e+00
    160.000    15.8049  43.507303    34.7536 5.6242e-01    6.85355    9.79441      0.221  1026.3139      15599    160.972 0.0000e+00
    159.000    15.9432  43.627860    34.7403 5.9363e-01    6.83979    9.77475      0.243  1026.2675      15645    159.966 0.0000e+00
    158.000    16.0484  43.723298    34.7336 6.4854e-01    6.82551    9.75434      0.263  1026.2336      15677    158.959 0.0000e+00
    157.000    16.1107  43.780074    34.7299 6.4423e-01    6.81693    9.74207      0.280  1026.2119      15712    157.953 0.0000e+00
    156.000    16.1369  43.805306    34.7297 6.1373e-01    6.81166    9.73454      0.300  1026.2013      15790    156.946 0.0000e+00
    155.000    16.1424  43.810199    34.7297 5.4022e-01    6.81138    9.73414      0.300  1026.1955      15816    155.940 0.0000e+00
    154.000    16.2564  43.909851    34.7189 5.3950e-01    6.79524    9.71107      0.303  1026.1563      15837    154.933 0.0000e+00
    153.000    16.5849  44.180188    34.6722 5.3214e-01    6.76576    9.66895      0.337  1026.0391      15903    153.927 0.0000e+00
    152.000    16.8255  44.393996    34.6520 5.1783e-01    6.73786    9.62908      0.392  1025.9621      15954    152.921 0.0000e+00
    151.000    16.9724  44.525300    34.6404 5.1513e-01    6.72121    9.60528      0.416  1025.9138      15981    151.914 0.0000e+00
    150.000    16.9909  44.549524    34.6460 5.2866e-01    6.71658    9.59866      0.453  1025.9092      16037    150.908 0.0000e+00
    149.000    17.0004  44.564341    34.6511 5.5407e-01    6.71263    9.59303      0.477  1025.9064      16108    149.901 0.0000e+00
    148.000    17.0273  44.595603    34.6555 5.6691e-01    6.70783    9.58615      0.477  1025.8990      16129    148.895 0.0000e+00
    147.000    17.1333  44.704972    34.6599 6.4238e-01    6.69355    9.56576      0.479  1025.8724      16152    147.889 0.0000e+00
    146.000    17.5133  45.047063    34.6308 5.3123e-01    6.65217    9.50662      0.507  1025.7539      16230    146.882 0.0000e+00
