s1107_B4_u1ave.cnv
* Sea-Bird SBE 9 Data File:
* FileName = C:\Documents and Settings\LAB\Desktop\Cr.107-3_2018\s1107_B4_u1.dat
* Software Version Seasave Win32 V 5.39c
* Temperature SN = 4376
* Conductivity SN = 2830
* Number of Bytes Per Scan = 24
* Number of Voltage Words = 4
* Number of Scans Averaged by the Deck Unit = 1
** Ship:       M.V. SEAFDEC
** Cruise:     107-3/2018
** Station:    B4_1
** Latitude:   7_47_547
** Longitude:  96_48_341
# nquan = 12
# nvalues = 745                         
# units = specified
# name 0 = depSM: Depth [salt water, m]
# name 1 = t090C: Temperature [ITS-90, deg C]
# name 2 = c0mS/cm: Conductivity [mS/cm]
# name 3 = sal00: Salinity, Practical [PSU]
# name 4 = flSP: Fluorescence, Seapoint
# name 5 = sbeox0ML/L: Oxygen, SBE 43 [ml/l]
# name 6 = sbeox0Mg/L: Oxygen, SBE 43 [mg/l]
# name 7 = ph: pH
# name 8 = density00: Density [density, Kg/m^3]
# name 9 = scan: Scan Count
# name 10 = prDM: Pressure, Digiquartz [db]
# name 11 = flag: flag
# span 0 =      2.000,    746.000       
# span 1 =     7.7315,    28.9847       
# span 2 =  36.261911,  55.322162       
# span 3 =    33.2151,    35.0384       
# span 4 = 4.8535e-01, 7.9697e-01       
# span 5 =    5.68871,    8.64060       
# span 6 =    8.12973,   12.34828       
# span 7 =     -0.099,      7.103       
# span 8 =  1020.7521,  1030.6923       
# span 9 =         -8,      25556       
# span 10 =      2.011,    751.601      
# span 11 = 0.0000e+00, 0.0000e+00      
# interval = meters: 1                  
# start_time = Dec 13 2018 08:55:41
# bad_flag = -9.990e-29
*END*
[from data line 121]
    625.000     8.4728  36.915201    34.9797 4.9791e-01    8.36237   11.95067      0.165  1030.0346       2690    629.508 0.0000e+00
    624.000     8.4738  36.915862    34.9799 4.9912e-01    8.36011   11.94742      0.164  1030.0300       2706    628.499 0.0000e+00
    623.000     8.4748  36.916453    34.9800 4.9987e-01    8.36028   11.94768      0.163  1030.0253       2724    627.490 0.0000e+00
    622.000     8.4769  36.918118    34.9802 4.9673e-01    8.35756   11.94379      0.164  1030.0206       2742    626.482 0.0000e+00
    621.000     8.4796  36.920282    34.9802 5.2309e-01    8.35779   11.94411      0.164  1030.0156       2763    625.473 0.0000e+00
    620.000     8.4839  36.924117    34.9805 5.0806e-01    8.35531   11.94057      0.164  1030.0106       2786    624.464 0.0000e+00
    619.000     8.4866  36.926214    34.9805 4.9636e-01    8.35279   11.93697      0.164  1030.0056       2807    623.456 0.0000e+00
    618.000     8.4887  36.927918    34.9807 5.0148e-01    8.35199   11.93583      0.162  1030.0009       2824    622.447 0.0000e+00
    617.000     8.4934  36.931947    34.9808 4.9730e-01    8.35005   11.93305      0.161  1029.9956       2839    621.438 0.0000e+00
    616.000     8.5012  36.939069    34.9811 4.9984e-01    8.34512   11.92601      0.162  1029.9901       2854    620.430 0.0000e+00
    615.000     8.5150  36.951658    34.9812 4.9862e-01    8.34376   11.92407      0.161  1029.9832       2873    619.421 0.0000e+00
    614.000     8.5246  36.960171    34.9812 5.0204e-01    8.34059   11.91954      0.160  1029.9771       2905    618.412 0.0000e+00
    613.000     8.5312  36.966358    34.9817 4.9982e-01    8.33797   11.91579      0.160  1029.9719       2932    617.404 0.0000e+00
    612.000     8.5350  36.969387    34.9817 4.9485e-01    8.33829   11.91626      0.159  1029.9666       2947    616.395 0.0000e+00
    611.000     8.5390  36.973635    34.9826 4.9403e-01    8.33337   11.90922      0.158  1029.9622       2960    615.386 0.0000e+00
    610.000     8.5493  36.982709    34.9825 5.0785e-01    8.33221   11.90756      0.158  1029.9558       2973    614.377 0.0000e+00
    609.000     8.5561  36.989035    34.9830 5.2672e-01    8.33036   11.90492      0.157  1029.9505       2986    613.369 0.0000e+00
    608.000     8.5678  36.999712    34.9831 4.9855e-01    8.32714   11.90031      0.155  1029.9441       3004    612.360 0.0000e+00
    607.000     8.5744  37.005238    34.9829 5.0700e-01    8.32331   11.89485      0.154  1029.9383       3033    611.352 0.0000e+00
    606.000     8.5766  37.006992    34.9831 5.0392e-01    8.32239   11.89352      0.153  1029.9336       3064    610.343 0.0000e+00
    605.000     8.5772  37.006982    34.9830 5.2166e-01    8.31999   11.89009      0.153  1029.9288       3086    609.334 0.0000e+00
    604.000     8.5774  37.006775    34.9830 5.0084e-01    8.32125   11.89190      0.151  1029.9243       3103    608.326 0.0000e+00
    603.000     8.5794  37.008233    34.9830 4.9964e-01    8.31873   11.88830      0.152  1029.9194       3117    607.317 0.0000e+00
    602.000     8.5816  37.009801    34.9830 5.0158e-01    8.31659   11.88523      0.152  1029.9145       3130    606.308 0.0000e+00
    601.000     8.5822  37.009730    34.9829 4.9582e-01    8.31530   11.88339      0.151  1029.9097       3144    605.300 0.0000e+00
    600.000     8.5820  37.009300    34.9830 5.0302e-01    8.31568   11.88394      0.151  1029.9054       3160    604.291 0.0000e+00
    599.000     8.5820  37.008971    34.9832 5.0028e-01    8.31410   11.88168      0.148  1029.9009       3190    603.283 0.0000e+00
    598.000     8.6022  37.029348    34.9852 4.9683e-01    8.30947   11.87507      0.148  1029.8945       3221    602.274 0.0000e+00
    597.000     8.6329  37.056890    34.9844 4.9485e-01    8.30291   11.86569      0.148  1029.8843       3239    601.265 0.0000e+00
    596.000     8.6364  37.059713    34.9844 4.9983e-01    8.29971   11.86112      0.149  1029.8791       3252    600.257 0.0000e+00
    595.000     8.6396  37.062818    34.9850 5.0209e-01    8.29924   11.86044      0.149  1029.8745       3266    599.248 0.0000e+00
    594.000     8.6436  37.066536    34.9854 5.0312e-01    8.29663   11.85672      0.147  1029.8696       3283    598.239 0.0000e+00
    593.000     8.6481  37.071024    34.9862 5.0021e-01    8.29352   11.85227      0.144  1029.8649       3308    597.231 0.0000e+00
    592.000     8.6590  37.081287    34.9867 5.0122e-01    8.29136   11.84918      0.142  1029.8590       3334    596.222 0.0000e+00
    591.000     8.6642  37.085890    34.9869 4.9979e-01    8.29080   11.84839      0.140  1029.8537       3352    595.214 0.0000e+00
    590.000     8.6680  37.089604    34.9876 5.0369e-01    8.28988   11.84706      0.140  1029.8490       3368    594.205 0.0000e+00
    589.000     8.6799  37.100760    34.9881 5.0596e-01    8.28565   11.84102      0.142  1029.8429       3384    593.197 0.0000e+00
    588.000     8.6904  37.110458    34.9884 4.9931e-01    8.28177   11.83548      0.140  1029.8368       3404    592.188 0.0000e+00
    587.000     8.7046  37.124005    34.9891 4.9713e-01    8.27764   11.82958      0.140  1029.8304       3429    591.179 0.0000e+00
    586.000     8.7249  37.142488    34.9891 4.9932e-01    8.27335   11.82345      0.139  1029.8224       3450    590.171 0.0000e+00
    585.000     8.7298  37.146723    34.9892 5.0059e-01    8.26870   11.81680      0.137  1029.8171       3468    589.162 0.0000e+00
    584.000     8.7351  37.151704    34.9897 4.9911e-01    8.26699   11.81436      0.135  1029.8121       3484    588.154 0.0000e+00
    583.000     8.7537  37.169484    34.9905 4.9652e-01    8.26472   11.81111      0.133  1029.8050       3502    587.145 0.0000e+00
    582.000     8.7661  37.180209    34.9900 5.0001e-01    8.26187   11.80703      0.132  1029.7980       3523    586.137 0.0000e+00
    581.000     8.7760  37.189336    34.9904 5.0008e-01    8.25813   11.80169      0.130  1029.7921       3547    585.128 0.0000e+00
    580.000     8.8006  37.213044    34.9915 4.9838e-01    8.25135   11.79201      0.128  1029.7842       3568    584.120 0.0000e+00
    579.000     8.8089  37.219600    34.9907 5.0295e-01    8.24785   11.78700      0.125  1029.7777       3585    583.111 0.0000e+00
    578.000     8.8142  37.224951    34.9916 4.9855e-01    8.24623   11.78469      0.125  1029.7729       3601    582.103 0.0000e+00
    577.000     8.8335  37.242677    34.9917 5.0253e-01    8.24286   11.77987      0.124  1029.7652       3618    581.094 0.0000e+00
    576.000     8.8428  37.250812    34.9915 5.0068e-01    8.23943   11.77497      0.120  1029.7589       3644    580.086 0.0000e+00
    575.000     8.8565  37.263595    34.9920 5.0344e-01    8.23588   11.76990      0.116  1029.7524       3673    579.077 0.0000e+00
    574.000     8.8687  37.274678    34.9921 4.9629e-01    8.23215   11.76457      0.116  1029.7458       3693    578.069 0.0000e+00
    573.000     8.8844  37.288936    34.9921 4.9573e-01    8.22751   11.75794      0.115  1029.7386       3709    577.060 0.0000e+00
    572.000     8.8948  37.297947    34.9917 4.9712e-01    8.22712   11.75737      0.113  1029.7320       3724    576.052 0.0000e+00
    571.000     8.9022  37.304576    34.9918 5.0130e-01    8.22491   11.75422      0.112  1029.7263       3739    575.043 0.0000e+00
    570.000     8.9128  37.314478    34.9922 4.9858e-01    8.22068   11.74817      0.111  1029.7203       3756    574.035 0.0000e+00
    569.000     8.9252  37.325749    34.9924 5.0198e-01    8.21854   11.74512      0.109  1029.7137       3779    573.026 0.0000e+00
    568.000     8.9362  37.335567    34.9923 4.9872e-01    8.21383   11.73839      0.109  1029.7073       3804    572.018 0.0000e+00
    567.000     8.9411  37.339905    34.9925 4.9834e-01    8.21302   11.73723      0.109  1029.7020       3830    571.009 0.0000e+00
    566.000     8.9455  37.343831    34.9928 5.0364e-01    8.20975   11.73256      0.109  1029.6970       3855    570.001 0.0000e+00
    565.000     8.9496  37.347172    34.9927 5.0051e-01    8.21097   11.73430      0.108  1029.6917       3874    568.993 0.0000e+00
    564.000     8.9494  37.346716    34.9929 5.0377e-01    8.21053   11.73366      0.108  1029.6873       3890    567.984 0.0000e+00
    563.000     8.9532  37.350277    34.9934 4.9475e-01    8.20653   11.72795      0.108  1029.6825       3906    566.976 0.0000e+00
    562.000     8.9576  37.353847    34.9933 4.9989e-01    8.20253   11.72224      0.108  1029.6772       3923    565.967 0.0000e+00
    561.000     8.9598  37.355854    34.9937 4.9718e-01    8.20180   11.72119      0.108  1029.6725       3941    564.959 0.0000e+00
    560.000     8.9680  37.363124    34.9937 4.9893e-01    8.20087   11.71987      0.108  1029.6666       3961    563.950 0.0000e+00
    559.000     8.9740  37.368651    34.9940 4.9866e-01    8.19814   11.71595      0.109  1029.6613       3987    562.942 0.0000e+00
    558.000     8.9833  37.377365    34.9944 4.9967e-01    8.19409   11.71017      0.108  1029.6555       4018    561.934 0.0000e+00
    557.000     8.9938  37.386528    34.9942 4.9699e-01    8.19477   11.71114      0.106  1029.6490       4039    560.925 0.0000e+00
    556.000     8.9953  37.387393    34.9941 5.0231e-01    8.19313   11.70880      0.105  1029.6442       4055    559.917 0.0000e+00
    555.000     8.9960  37.387731    34.9943 4.9708e-01    8.19122   11.70607      0.104  1029.6396       4070    558.908 0.0000e+00
    554.000     8.9965  37.387820    34.9943 5.0641e-01    8.18773   11.70108      0.105  1029.6351       4084    557.900 0.0000e+00
    553.000     8.9968  37.387813    34.9945 5.0399e-01    8.18889   11.70274      0.104  1029.6306       4101    556.892 0.0000e+00
    552.000     9.0034  37.394180    34.9951 5.1957e-01    8.18685   11.69983      0.105  1029.6254       4124    555.883 0.0000e+00
    551.000     9.0144  37.403872    34.9949 4.9621e-01    8.18203   11.69294      0.107  1029.6188       4159    554.875 0.0000e+00
    550.000     9.0170  37.405969    34.9950 4.9845e-01    8.18208   11.69301      0.107  1029.6139       4187    553.866 0.0000e+00
    549.000     9.0228  37.411527    34.9956 4.9757e-01    8.17866   11.68813      0.107  1029.6089       4204    552.858 0.0000e+00
    548.000     9.0311  37.418675    34.9954 4.9756e-01    8.17662   11.68521      0.106  1029.6027       4218    551.850 0.0000e+00
    547.000     9.0378  37.424547    34.9955 4.9419e-01    8.17405   11.68154      0.107  1029.5972       4230    550.841 0.0000e+00
    546.000     9.0435  37.429343    34.9953 5.0077e-01    8.17320   11.68032      0.107  1029.5915       4244    549.833 0.0000e+00
    545.000     9.0461  37.431412    34.9954 5.0109e-01    8.17088   11.67700      0.107  1029.5866       4261    548.825 0.0000e+00
    544.000     9.0487  37.433654    34.9957 5.0523e-01    8.16853   11.67364      0.106  1029.5818       4294    547.816 0.0000e+00
    543.000     9.0510  37.435562    34.9959 4.9547e-01    8.16852   11.67363      0.103  1029.5771       4324    546.808 0.0000e+00
    542.000     9.0574  37.441679    34.9964 4.9940e-01    8.16461   11.66805      0.102  1029.5719       4345    545.800 0.0000e+00
    541.000     9.0679  37.451225    34.9966 4.9862e-01    8.16232   11.66477      0.102  1029.5657       4363    544.791 0.0000e+00
    540.000     9.0745  37.457156    34.9967 4.9663e-01    8.16074   11.66251      0.101  1029.5601       4382    543.783 0.0000e+00
    539.000     9.0914  37.474402    34.9987 5.0501e-01    8.15459   11.65372      0.098  1029.5542       4399    542.775 0.0000e+00
    538.000     9.1259  37.506392    34.9987 4.9858e-01    8.14623   11.64177      0.099  1029.5437       4416    541.766 0.0000e+00
    537.000     9.1667  37.545902    35.0004 5.2249e-01    8.13797   11.62997      0.096  1029.5334       4433    540.758 0.0000e+00
    536.000     9.1949  37.570478    34.9989 4.9819e-01    8.13232   11.62190      0.093  1029.5228       4456    539.750 0.0000e+00
    535.000     9.2324  37.606328    34.9999 4.9982e-01    8.12516   11.61167      0.087  1029.5126       4486    538.741 0.0000e+00
    534.000     9.2551  37.626949    34.9996 4.8947e-01    8.11942   11.60346      0.082  1029.5038       4509    537.733 0.0000e+00
    533.000     9.2675  37.638548    35.0001 4.9742e-01    8.11511   11.59730      0.079  1029.4975       4526    536.725 0.0000e+00
    532.000     9.2899  37.660345    35.0012 4.9401e-01    8.11246   11.59351      0.077  1029.4900       4541    535.717 0.0000e+00
    531.000     9.3045  37.673218    35.0008 5.0193e-01    8.10761   11.58658      0.073  1029.4825       4558    534.708 0.0000e+00
    530.000     9.3143  37.681743    35.0005 4.9599e-01    8.10346   11.58066      0.071  1029.4761       4583    533.700 0.0000e+00
    529.000     9.3352  37.703270    35.0029 4.9583e-01    8.10003   11.57576      0.067  1029.4698       4611    532.692 0.0000e+00
    528.000     9.3704  37.734643    35.0016 4.9745e-01    8.09183   11.56403      0.064  1029.4581       4630    531.683 0.0000e+00
    527.000     9.3817  37.745994    35.0028 4.9517e-01    8.08695   11.55706      0.064  1029.4525       4645    530.675 0.0000e+00
    526.000     9.4083  37.771135    35.0033 4.9806e-01    8.08184   11.54976      0.063  1029.4438       4660    529.667 0.0000e+00
    525.000     9.4218  37.783185    35.0031 5.0104e-01    8.08040   11.54769      0.062  1029.4366       4677    528.659 0.0000e+00
    524.000     9.4342  37.794828    35.0035 4.9978e-01    8.07736   11.54335      0.059  1029.4303       4702    527.650 0.0000e+00
    523.000     9.4403  37.800553    35.0040 5.3378e-01    8.07437   11.53909      0.054  1029.4251       4731    526.642 0.0000e+00
    522.000     9.4535  37.813593    35.0051 5.2035e-01    8.06826   11.53035      0.052  1029.4191       4754    525.634 0.0000e+00
    521.000     9.4706  37.830093    35.0060 5.9527e-01    8.06452   11.52500      0.050  1029.4122       4773    524.626 0.0000e+00
    520.000     9.4905  37.847992    35.0055 4.9699e-01    8.06142   11.52057      0.047  1029.4038       4791    523.617 0.0000e+00
    519.000     9.5008  37.857860    35.0061 5.0571e-01    8.05869   11.51668      0.046  1029.3980       4809    522.609 0.0000e+00
    518.000     9.5208  37.877702    35.0076 5.0764e-01    8.05421   11.51027      0.044  1029.3911       4828    521.601 0.0000e+00
    517.000     9.5348  37.889950    35.0071 4.9803e-01    8.05082   11.50543      0.043  1029.3837       4846    520.593 0.0000e+00
    516.000     9.5404  37.895677    35.0081 5.0059e-01    8.04656   11.49934      0.040  1029.3789       4866    519.585 0.0000e+00
    515.000     9.5529  37.907667    35.0087 4.9710e-01    8.04432   11.49613      0.037  1029.3727       4891    518.576 0.0000e+00
    514.000     9.5621  37.914314    35.0071 5.4705e-01    8.04264   11.49374      0.035  1029.3653       4920    517.568 0.0000e+00
    513.000     9.5694  37.920665    35.0069 4.9251e-01    8.03919   11.48881      0.035  1029.3594       4942    516.560 0.0000e+00
    512.000     9.5750  37.925263    35.0067 5.0640e-01    8.03856   11.48791      0.031  1029.3537       4959    515.552 0.0000e+00
    511.000     9.5851  37.935371    35.0077 4.9785e-01    8.03588   11.48408      0.031  1029.3481       4974    514.544 0.0000e+00
    510.000     9.6014  37.950206    35.0076 5.0277e-01    8.03132   11.47756      0.031  1029.3406       4989    513.535 0.0000e+00
    509.000     9.6215  37.969063    35.0080 5.0667e-01    8.02621   11.47025      0.034  1029.3329       5006    512.527 0.0000e+00
    508.000     9.6320  37.978283    35.0078 5.0086e-01    8.02351   11.46640      0.033  1029.3264       5031    511.519 0.0000e+00
    507.000     9.6380  37.983740    35.0080 5.0770e-01    8.01986   11.46119      0.030  1029.3209       5061    510.511 0.0000e+00
