s1107_B4_d1ave.cnv
* Sea-Bird SBE 9 Data File:
* FileName = C:\Documents and Settings\LAB\Desktop\Cr.107-3_2018\s1107_B4_d1.dat
* Software Version Seasave Win32 V 5.39c
* Temperature SN = 4376
* Conductivity SN = 2830
* Number of Bytes Per Scan = 24
* Number of Voltage Words = 4
* Number of Scans Averaged by the Deck Unit = 1
** Ship:       M.V. SEAFDEC
** Cruise:     107-3/2018
** Station:    B4_1
** Latitude:   7_47_547
** Longitude:  96_48_341
# nquan = 12
# nvalues = 754                         
# units = specified
# name 0 = depSM: Depth [salt water, m]
# name 1 = t090C: Temperature [ITS-90, deg C]
# name 2 = c0mS/cm: Conductivity [mS/cm]
# name 3 = sal00: Salinity, Practical [PSU]
# name 4 = flSP: Fluorescence, Seapoint
# name 5 = sbeox0ML/L: Oxygen, SBE 43 [ml/l]
# name 6 = sbeox0Mg/L: Oxygen, SBE 43 [mg/l]
# name 7 = ph: pH
# name 8 = density00: Density [density, Kg/m^3]
# name 9 = scan: Scan Count
# name 10 = prDM: Pressure, Digiquartz [db]
# name 11 = flag: flag
# span 0 =      1.000,    753.000       
# span 1 =     7.7227,    29.0283       
# span 2 =   6.864774,  55.834269       
# span 3 =     4.0301,    35.0704       
# span 4 = 1.9603e-01, 8.6012e-01       
# span 5 =    5.65590,    8.66196       
# span 6 =    8.08285,   12.37881       
# span 7 =     -0.103,      7.390       
# span 8 =   999.3894,  1030.7260       
# span 9 =        636,      24452       
# span 10 =      1.006,    758.666      
# span 11 = 0.0000e+00, 0.0000e+00      
# interval = meters: 1                  
# start_time = Dec 13 2018 08:38:17
# bad_flag = -9.990e-29
*END*
[from data line 602]
    603.000     8.5709  37.012735    34.9961 5.0628e-01    8.33032   11.90487      0.146  1029.9310      20452    607.317 0.0000e+00
    604.000     8.5693  37.011416    34.9959 5.2964e-01    8.33183   11.90702      0.146  1029.9357      20488    608.325 0.0000e+00
    605.000     8.5622  37.005024    34.9957 5.0063e-01    8.33365   11.90962      0.147  1029.9413      20508    609.334 0.0000e+00
    606.000     8.5523  36.996016    34.9954 5.0373e-01    8.33694   11.91433      0.147  1029.9472      20530    610.343 0.0000e+00
    607.000     8.5423  36.986686    34.9950 5.0199e-01    8.34031   11.91913      0.147  1029.9531      20563    611.352 0.0000e+00
    608.000     8.5378  36.982605    34.9947 4.9574e-01    8.34089   11.91996      0.147  1029.9581      20588    612.360 0.0000e+00
    609.000     8.5353  36.980409    34.9944 4.9654e-01    8.34407   11.92451      0.148  1029.9629      20605    613.369 0.0000e+00
    610.000     8.5301  36.975735    34.9940 5.0290e-01    8.34662   11.92815      0.151  1029.9680      20621    614.378 0.0000e+00
    611.000     8.5231  36.969478    34.9940 5.0296e-01    8.34806   11.93022      0.150  1029.9737      20657    615.386 0.0000e+00
    612.000     8.5111  36.957834    34.9930 5.0107e-01    8.35238   11.93638      0.151  1029.9795      20703    616.395 0.0000e+00
    613.000     8.4994  36.947386    34.9931 5.0061e-01    8.35433   11.93918      0.151  1029.9860      20722    617.403 0.0000e+00
    614.000     8.4928  36.941677    34.9931 5.0202e-01    8.35578   11.94125      0.151  1029.9917      20740    618.412 0.0000e+00
    615.000     8.4902  36.939484    34.9928 4.9992e-01    8.35952   11.94659      0.151  1029.9965      20757    619.421 0.0000e+00
    616.000     8.4888  36.938394    34.9926 5.0192e-01    8.36045   11.94792      0.154  1030.0011      20775    620.430 0.0000e+00
    617.000     8.4867  36.936676    34.9924 5.0161e-01    8.36179   11.94983      0.155  1030.0058      20812    621.438 0.0000e+00
    618.000     8.4833  36.933508    34.9919 5.0601e-01    8.36337   11.95209      0.159  1030.0105      20868    622.447 0.0000e+00
    619.000     8.4801  36.930858    34.9918 4.9850e-01    8.36637   11.95638      0.159  1030.0155      20886    623.456 0.0000e+00
    620.000     8.4772  36.928455    34.9916 4.9773e-01    8.36666   11.95679      0.159  1030.0204      20903    624.464 0.0000e+00
    621.000     8.4749  36.926450    34.9913 4.9856e-01    8.36731   11.95772      0.159  1030.0251      20920    625.473 0.0000e+00
    622.000     8.4734  36.925377    34.9913 4.9927e-01    8.37010   11.96172      0.159  1030.0299      20938    626.482 0.0000e+00
    623.000     8.4723  36.924437    34.9909 5.0420e-01    8.37046   11.96222      0.159  1030.0342      20988    627.490 0.0000e+00
    624.000     8.4705  36.923045    34.9907 5.0396e-01    8.37107   11.96310      0.159  1030.0389      21014    628.499 0.0000e+00
    625.000     8.4657  36.918827    34.9905 5.0351e-01    8.37451   11.96802      0.159  1030.0442      21032    629.508 0.0000e+00
    626.000     8.4604  36.914392    34.9906 4.9741e-01    8.37784   11.97277      0.159  1030.0496      21049    630.517 0.0000e+00
    627.000     8.4569  36.911326    34.9904 5.0247e-01    8.37717   11.97181      0.159  1030.0546      21077    631.526 0.0000e+00
    628.000     8.4548  36.909635    34.9901 5.0101e-01    8.37813   11.97319      0.161  1030.0593      21118    632.534 0.0000e+00
    629.000     8.4532  36.908203    34.9898 5.0470e-01    8.38010   11.97601      0.163  1030.0639      21140    633.543 0.0000e+00
    630.000     8.4456  36.901337    34.9896 5.0017e-01    8.38319   11.98042      0.163  1030.0695      21162    634.552 0.0000e+00
    631.000     8.4404  36.897056    34.9896 5.0386e-01    8.38477   11.98268      0.163  1030.0749      21188    635.561 0.0000e+00
    632.000     8.4351  36.892148    34.9893 4.9880e-01    8.38828   11.98770      0.162  1030.0801      21213    636.569 0.0000e+00
    633.000     8.4264  36.884155    34.9889 4.9886e-01    8.38945   11.98936      0.164  1030.0858      21234    637.578 0.0000e+00
    634.000     8.4152  36.874106    34.9888 5.0730e-01    8.39287   11.99425      0.164  1030.0922      21257    638.587 0.0000e+00
    635.000     8.4016  36.861312    34.9883 5.0510e-01    8.39917   12.00326      0.165  1030.0985      21287    639.596 0.0000e+00
    636.000     8.3876  36.848617    34.9882 5.0765e-01    8.40011   12.00460      0.166  1030.1054      21315    640.604 0.0000e+00
    637.000     8.3839  36.845210    34.9878 5.0445e-01    8.40195   12.00723      0.169  1030.1102      21337    641.613 0.0000e+00
    638.000     8.3784  36.840488    34.9877 5.0539e-01    8.40596   12.01296      0.169  1030.1156      21359    642.622 0.0000e+00
    639.000     8.3759  36.838367    34.9876 5.0004e-01    8.40477   12.01126      0.171  1030.1204      21384    643.631 0.0000e+00
    640.000     8.3707  36.833585    34.9872 4.9868e-01    8.41052   12.01948      0.172  1030.1255      21409    644.640 0.0000e+00
    641.000     8.3644  36.828044    34.9870 5.0012e-01    8.41159   12.02100      0.175  1030.1310      21435    645.648 0.0000e+00
    642.000     8.3625  36.826466    34.9868 5.0306e-01    8.41174   12.02121      0.177  1030.1357      21461    646.657 0.0000e+00
    643.000     8.3614  36.825879    34.9868 5.0062e-01    8.41161   12.02103      0.178  1030.1404      21485    647.666 0.0000e+00
    644.000     8.3589  36.823882    34.9867 5.0113e-01    8.41322   12.02333      0.179  1030.1453      21509    648.675 0.0000e+00
    645.000     8.3567  36.822662    34.9870 5.0110e-01    8.41668   12.02828      0.178  1030.1504      21533    649.684 0.0000e+00
    646.000     8.3549  36.821202    34.9868 5.0258e-01    8.41902   12.03163      0.179  1030.1551      21558    650.693 0.0000e+00
    647.000     8.3504  36.817633    34.9870 5.0113e-01    8.41785   12.02994      0.179  1030.1605      21582    651.701 0.0000e+00
    648.000     8.3473  36.814936    34.9867 4.9793e-01    8.42103   12.03450      0.179  1030.1654      21605    652.710 0.0000e+00
    649.000     8.3461  36.814084    34.9865 5.0012e-01    8.42346   12.03796      0.179  1030.1699      21629    653.719 0.0000e+00
    650.000     8.3429  36.811353    34.9864 5.0875e-01    8.42545   12.04080      0.179  1030.1749      21652    654.728 0.0000e+00
    651.000     8.3294  36.798819    34.9859 5.0197e-01    8.42678   12.04271      0.179  1030.1814      21678    655.737 0.0000e+00
    652.000     8.3214  36.791748    34.9859 5.0286e-01    8.43113   12.04892      0.179  1030.1872      21704    656.746 0.0000e+00
    653.000     8.3182  36.789094    34.9857 5.0400e-01    8.43247   12.05084      0.181  1030.1921      21729    657.755 0.0000e+00
    654.000     8.3146  36.785877    34.9855 4.9977e-01    8.43407   12.05312      0.181  1030.1971      21754    658.763 0.0000e+00
    655.000     8.3104  36.782484    34.9855 5.0059e-01    8.43498   12.05444      0.183  1030.2024      21778    659.772 0.0000e+00
    656.000     8.3049  36.777430    34.9852 5.0182e-01    8.43815   12.05897      0.183  1030.2075      21799    660.781 0.0000e+00
    657.000     8.2940  36.767438    34.9849 5.0242e-01    8.44172   12.06407      0.185  1030.2137      21819    661.790 0.0000e+00
    658.000     8.2839  36.757892    34.9843 5.0370e-01    8.44453   12.06807      0.185  1030.2194      21842    662.799 0.0000e+00
    659.000     8.2822  36.756431    34.9839 5.0347e-01    8.44613   12.07036      0.184  1030.2240      21875    663.808 0.0000e+00
    660.000     8.2817  36.756148    34.9836 5.0056e-01    8.44676   12.07126      0.185  1030.2283      21904    664.817 0.0000e+00
    661.000     8.2802  36.754936    34.9833 4.9771e-01    8.44914   12.07467      0.187  1030.2329      21927    665.826 0.0000e+00
    662.000     8.2710  36.746493    34.9831 4.9804e-01    8.45290   12.08005      0.189  1030.2388      21947    666.835 0.0000e+00
    663.000     8.2623  36.738766    34.9830 4.9886e-01    8.45387   12.08143      0.190  1030.2447      21967    667.843 0.0000e+00
    664.000     8.2515  36.728883    34.9827 5.0190e-01    8.45541   12.08363      0.191  1030.2508      21990    668.852 0.0000e+00
    665.000     8.2425  36.720698    34.9825 5.0167e-01    8.46184   12.09282      0.191  1030.2567      22022    669.861 0.0000e+00
    666.000     8.2387  36.717269    34.9821 5.0224e-01    8.46328   12.09487      0.191  1030.2616      22051    670.870 0.0000e+00
    667.000     8.2320  36.711326    34.9820 4.9890e-01    8.46526   12.09770      0.193  1030.2671      22071    671.879 0.0000e+00
    668.000     8.2241  36.704340    34.9819 5.0051e-01    8.46817   12.10186      0.194  1030.2729      22090    672.888 0.0000e+00
    669.000     8.2209  36.701709    34.9817 5.0236e-01    8.46935   12.10355      0.194  1030.2778      22114    673.897 0.0000e+00
    670.000     8.2141  36.695302    34.9813 5.0060e-01    8.47209   12.10746      0.195  1030.2832      22152    674.906 0.0000e+00
    671.000     8.2094  36.691229    34.9811 5.0294e-01    8.47330   12.10919      0.198  1030.2883      22181    675.915 0.0000e+00
    672.000     8.2060  36.688293    34.9809 5.0065e-01    8.47307   12.10886      0.199  1030.2933      22200    676.924 0.0000e+00
    673.000     8.2016  36.684666    34.9809 4.9721e-01    8.47713   12.11467      0.199  1030.2986      22217    677.933 0.0000e+00
    674.000     8.1957  36.679354    34.9806 4.9786e-01    8.48161   12.12107      0.199  1030.3038      22235    678.942 0.0000e+00
    675.000     8.1876  36.672121    34.9805 5.0076e-01    8.48247   12.12230      0.199  1030.3096      22261    679.951 0.0000e+00
    676.000     8.1824  36.667492    34.9802 4.9810e-01    8.48412   12.12466      0.203  1030.3148      22301    680.960 0.0000e+00
    677.000     8.1777  36.663151    34.9798 4.9707e-01    8.48729   12.12919      0.203  1030.3198      22329    681.969 0.0000e+00
    678.000     8.1701  36.656364    34.9797 5.0339e-01    8.48843   12.13081      0.203  1030.3255      22349    682.978 0.0000e+00
    679.000     8.1638  36.650739    34.9794 5.0057e-01    8.48987   12.13287      0.203  1030.3309      22368    683.987 0.0000e+00
    680.000     8.1556  36.643474    34.9793 5.0415e-01    8.49319   12.13762      0.203  1030.3367      22391    684.996 0.0000e+00
    681.000     8.1549  36.643071    34.9791 5.0058e-01    8.49380   12.13848      0.203  1030.3412      22418    686.005 0.0000e+00
    682.000     8.1502  36.638722    34.9788 4.9756e-01    8.49825   12.14484      0.203  1030.3463      22444    687.014 0.0000e+00
    683.000     8.1406  36.630047    34.9785 5.0164e-01    8.50089   12.14862      0.204  1030.3522      22468    688.023 0.0000e+00
    684.000     8.1273  36.618010    34.9784 4.9693e-01    8.50359   12.15248      0.203  1030.3589      22491    689.032 0.0000e+00
    685.000     8.1189  36.610350    34.9782 4.9955e-01    8.50495   12.15443      0.205  1030.3646      22514    690.041 0.0000e+00
    686.000     8.0998  36.592642    34.9777 4.9806e-01    8.51054   12.16241      0.204  1030.3720      22537    691.050 0.0000e+00
    687.000     8.0885  36.582503    34.9777 4.9979e-01    8.51576   12.16987      0.206  1030.3784      22564    692.059 0.0000e+00
    688.000     8.0869  36.581025    34.9772 5.0102e-01    8.51722   12.17197      0.210  1030.3828      22605    693.068 0.0000e+00
    689.000     8.0846  36.579212    34.9771 4.9872e-01    8.52087   12.17718      0.212  1030.3876      22630    694.077 0.0000e+00
    690.000     8.0829  36.577824    34.9768 4.9535e-01    8.51972   12.17553      0.215  1030.3923      22647    695.086 0.0000e+00
    691.000     8.0800  36.575631    34.9769 4.9519e-01    8.52006   12.17602      0.215  1030.3973      22664    696.095 0.0000e+00
    692.000     8.0781  36.574112    34.9766 4.9697e-01    8.52298   12.18019      0.215  1030.4019      22682    697.104 0.0000e+00
    693.000     8.0735  36.570005    34.9764 5.0490e-01    8.52533   12.18354      0.215  1030.4070      22739    698.113 0.0000e+00
    694.000     8.0648  36.562050    34.9761 4.9677e-01    8.52677   12.18561      0.215  1030.4128      22767    699.122 0.0000e+00
    695.000     8.0544  36.552550    34.9758 5.0071e-01    8.53294   12.19442      0.216  1030.4188      22783    700.132 0.0000e+00
    696.000     8.0460  36.545264    34.9758 4.9840e-01    8.53568   12.19834      0.217  1030.4248      22800    701.140 0.0000e+00
    697.000     8.0409  36.540782    34.9757 4.9948e-01    8.53397   12.19590      0.217  1030.4300      22819    702.150 0.0000e+00
    698.000     8.0382  36.538395    34.9753 4.9898e-01    8.53716   12.20046      0.218  1030.4347      22851    703.159 0.0000e+00
    699.000     8.0248  36.525716    34.9746 4.9791e-01    8.54006   12.20460      0.219  1030.4410      22882    704.168 0.0000e+00
    700.000     8.0176  36.519543    34.9747 5.0065e-01    8.54300   12.20879      0.219  1030.4467      22908    705.177 0.0000e+00
    701.000     8.0108  36.513352    34.9743 5.0201e-01    8.54567   12.21261      0.219  1030.4521      22933    706.186 0.0000e+00
    702.000     8.0045  36.507508    34.9739 5.1747e-01    8.54847   12.21662      0.218  1030.4573      22959    707.195 0.0000e+00
    703.000     7.9796  36.484334    34.9734 5.1747e-01    8.55292   12.22298      0.218  1030.4656      22983    708.204 0.0000e+00
    704.000     7.9703  36.476140    34.9734 5.0345e-01    8.55754   12.22958      0.218  1030.4717      23004    709.213 0.0000e+00
    705.000     7.9489  36.455934    34.9726 6.7896e-01    8.56301   12.23739      0.218  1030.4791      23028    710.222 0.0000e+00
    706.000     7.9402  36.448210    34.9725 4.9099e-01    8.56576   12.24134      0.220  1030.4850      23068    711.232 0.0000e+00
    707.000     7.9380  36.446177    34.9721 4.9612e-01    8.56790   12.24438      0.223  1030.4896      23099    712.241 0.0000e+00
    708.000     7.9360  36.444627    34.9720 4.9740e-01    8.56701   12.24311      0.226  1030.4943      23117    713.250 0.0000e+00
    709.000     7.9341  36.443148    34.9718 4.9862e-01    8.57024   12.24773      0.227  1030.4991      23135    714.259 0.0000e+00
    710.000     7.9326  36.442072    34.9716 4.9933e-01    8.57177   12.24992      0.229  1030.5037      23163    715.268 0.0000e+00
    711.000     7.9324  36.442089    34.9713 4.9990e-01    8.57359   12.25252      0.231  1030.5081      23205    716.277 0.0000e+00
    712.000     7.9325  36.442482    34.9713 5.0000e-01    8.57331   12.25211      0.232  1030.5125      23229    717.286 0.0000e+00
    713.000     7.9320  36.442262    34.9711 4.9933e-01    8.57470   12.25410      0.232  1030.5170      23249    718.296 0.0000e+00
    714.000     7.9313  36.442072    34.9710 5.0101e-01    8.57565   12.25545      0.231  1030.5216      23270    719.305 0.0000e+00
    715.000     7.9287  36.439897    34.9709 5.0573e-01    8.57697   12.25734      0.231  1030.5265      23301    720.314 0.0000e+00
    716.000     7.9278  36.439289    34.9706 5.0135e-01    8.57974   12.26130      0.231  1030.5310      23334    721.323 0.0000e+00
    717.000     7.9264  36.438320    34.9705 5.0159e-01    8.58218   12.26480      0.232  1030.5357      23360    722.333 0.0000e+00
    718.000     7.9233  36.435875    34.9705 5.0291e-01    8.58112   12.26328      0.231  1030.5407      23387    723.342 0.0000e+00
    719.000     7.9222  36.435126    34.9703 5.0052e-01    8.58299   12.26596      0.230  1030.5453      23414    724.351 0.0000e+00
    720.000     7.9152  36.428795    34.9700 4.9847e-01    8.58735   12.27218      0.230  1030.5507      23437    725.360 0.0000e+00
    721.000     7.8998  36.414914    34.9700 5.0119e-01    8.59035   12.27646      0.230  1030.5578      23459    726.369 0.0000e+00
