s1107_B4_d1ave.cnv
* Sea-Bird SBE 9 Data File:
* FileName = C:\Documents and Settings\LAB\Desktop\Cr.107-3_2018\s1107_B4_d1.dat
* Software Version Seasave Win32 V 5.39c
* Temperature SN = 4376
* Conductivity SN = 2830
* Number of Bytes Per Scan = 24
* Number of Voltage Words = 4
* Number of Scans Averaged by the Deck Unit = 1
** Ship:       M.V. SEAFDEC
** Cruise:     107-3/2018
** Station:    B4_1
** Latitude:   7_47_547
** Longitude:  96_48_341
# nquan = 12
# nvalues = 754                         
# units = specified
# name 0 = depSM: Depth [salt water, m]
# name 1 = t090C: Temperature [ITS-90, deg C]
# name 2 = c0mS/cm: Conductivity [mS/cm]
# name 3 = sal00: Salinity, Practical [PSU]
# name 4 = flSP: Fluorescence, Seapoint
# name 5 = sbeox0ML/L: Oxygen, SBE 43 [ml/l]
# name 6 = sbeox0Mg/L: Oxygen, SBE 43 [mg/l]
# name 7 = ph: pH
# name 8 = density00: Density [density, Kg/m^3]
# name 9 = scan: Scan Count
# name 10 = prDM: Pressure, Digiquartz [db]
# name 11 = flag: flag
# span 0 =      1.000,    753.000       
# span 1 =     7.7227,    29.0283       
# span 2 =   6.864774,  55.834269       
# span 3 =     4.0301,    35.0704       
# span 4 = 1.9603e-01, 8.6012e-01       
# span 5 =    5.65590,    8.66196       
# span 6 =    8.08285,   12.37881       
# span 7 =     -0.103,      7.390       
# span 8 =   999.3894,  1030.7260       
# span 9 =        636,      24452       
# span 10 =      1.006,    758.666      
# span 11 = 0.0000e+00, 0.0000e+00      
# interval = meters: 1                  
# start_time = Dec 13 2018 08:38:17
# bad_flag = -9.990e-29
*END*
      1.000    27.4735   6.864774     4.0301 2.0113e-01    6.59082    9.41894      3.624   999.3894        636      1.006 0.0000e+00
      2.000    28.8987  37.830140    22.1912 1.9725e-01    6.03799    8.62888      5.760  1012.5216       1258      2.011 0.0000e+00
      3.000    28.9503  51.612224    31.1890 1.9705e-01    5.74464    8.20967      5.862  1019.2367       1288      3.017 0.0000e+00
      4.000    28.9519  54.386507    33.0401 1.9604e-01    5.68459    8.12385      5.783  1020.6264       1381      4.023 0.0000e+00
      5.000    28.9052  52.347466    31.6851 1.9603e-01    5.73310    8.19317      5.789  1019.6304       1437      5.028 0.0000e+00
      6.000    28.6605  47.456882    28.5371 1.9652e-01    5.85952    8.37384      5.544  1017.3569       1507      6.034 0.0000e+00
      7.000    28.9439  47.822307    28.6115 1.9616e-01    5.82973    8.33127      5.474  1017.3246       1564      7.040 0.0000e+00
      8.000    28.3502  35.772720    20.9868 1.9715e-01    6.14550    8.78254      5.483  1011.8216       1913      8.046 0.0000e+00
      9.000    28.5034  45.130941    27.0752 1.9636e-01    5.92740    8.47085      5.558  1016.3269       2086      9.051 0.0000e+00
     10.000    28.7510  51.933139    31.5027 1.9705e-01    5.75912    8.23037      5.841  1019.5659       2325     10.057 0.0000e+00
     11.000    29.0283  55.834269    33.9750 8.6012e-01    5.65590    8.08285      7.390  1021.3325       5936     11.063 0.0000e+00
     12.000    28.9553  54.676962    33.2358 6.8120e-01    5.68783    8.12848      7.094  1020.8067       6330     12.069 0.0000e+00
     13.000    28.9538  54.674487    33.2349 6.9020e-01    5.68772    8.12832      7.097  1020.8108       6344     13.074 0.0000e+00
     14.000    28.9494  54.670432    33.2349 7.3925e-01    5.68820    8.12901      7.107  1020.8166       6364     14.080 0.0000e+00
     15.000    28.9494  54.670672    33.2348 6.9673e-01    5.68931    8.13059      7.104  1020.8208       6386     15.086 0.0000e+00
     16.000    28.9505  54.672045    33.2346 6.9386e-01    5.69004    8.13163      7.101  1020.8247       6406     16.092 0.0000e+00
     17.000    28.9546  54.676439    33.2346 7.1598e-01    5.68990    8.13144      7.094  1020.8276       6424     17.097 0.0000e+00
     18.000    28.9556  54.677430    33.2343 7.2309e-01    5.69027    8.13196      7.100  1020.8313       6440     18.103 0.0000e+00
     19.000    28.9560  54.678082    33.2342 7.2392e-01    5.69130    8.13344      7.102  1020.8354       6460     19.109 0.0000e+00
     20.000    28.9560  54.678071    33.2338 7.4757e-01    5.69175    8.13408      7.102  1020.8395       6487     20.115 0.0000e+00
     21.000    28.9548  54.677357    33.2339 7.1493e-01    5.69233    8.13491      7.113  1020.8443       6512     21.120 0.0000e+00
     22.000    28.9559  54.678145    33.2334 7.2633e-01    5.69343    8.13648      7.101  1020.8478       6529     22.126 0.0000e+00
     23.000    28.9560  54.678652    33.2334 7.4568e-01    5.69322    8.13618      7.087  1020.8521       6545     23.132 0.0000e+00
     24.000    28.9571  54.679996    33.2333 7.5096e-01    5.69360    8.13673      7.091  1020.8559       6561     24.138 0.0000e+00
     25.000    28.9579  54.682178    33.2339 7.1413e-01    5.69441    8.13789      7.083  1020.8605       6577     25.144 0.0000e+00
     26.000    28.9596  54.685109    33.2345 7.1507e-01    5.69473    8.13833      7.081  1020.8646       6600     26.149 0.0000e+00
     27.000    28.9609  54.689108    33.2361 7.2928e-01    5.69542    8.13933      7.064  1020.8697       6625     27.155 0.0000e+00
     28.000    28.9615  54.690900    33.2366 7.4354e-01    5.69539    8.13928      7.050  1020.8742       6644     28.161 0.0000e+00
     29.000    28.9620  54.691956    33.2367 7.4695e-01    5.69599    8.14014      7.055  1020.8784       6662     29.167 0.0000e+00
     30.000    28.9649  54.701671    33.2410 7.4119e-01    5.69622    8.14047      7.071  1020.8850       6681     30.173 0.0000e+00
     31.000    28.9661  54.705942    33.2428 7.4713e-01    5.69657    8.14097      7.078  1020.8903       6701     31.179 0.0000e+00
     32.000    28.9687  54.716180    33.2477 7.3398e-01    5.69685    8.14137      7.086  1020.8974       6720     32.184 0.0000e+00
     33.000    28.9714  54.723725    33.2507 7.4802e-01    5.69685    8.14138      7.080  1020.9030       6738     33.190 0.0000e+00
     34.000    28.9715  54.721950    33.2492 7.4299e-01    5.69724    8.14192      7.067  1020.9062       6757     34.196 0.0000e+00
     35.000    28.9766  54.742311    33.2593 7.2752e-01    5.69708    8.14170      7.055  1020.9163       6778     35.202 0.0000e+00
     36.000    28.9788  54.751362    33.2637 7.4576e-01    5.69697    8.14154      7.041  1020.9232       6802     36.208 0.0000e+00
     37.000    28.9808  54.767659    33.2731 7.3204e-01    5.69698    8.14156      7.039  1020.9339       6824     37.214 0.0000e+00
     38.000    28.9832  54.784536    33.2827 7.4737e-01    5.69697    8.14154      7.039  1020.9447       6843     38.220 0.0000e+00
     39.000    28.9833  54.783767    33.2818 7.5347e-01    5.69707    8.14168      7.045  1020.9483       6861     39.225 0.0000e+00
     40.000    28.9832  54.782834    33.2810 7.5514e-01    5.69808    8.14312      7.044  1020.9520       6880     40.231 0.0000e+00
     41.000    28.9848  54.793851    33.2871 7.3210e-01    5.69858    8.14384      7.072  1020.9603       6899     41.237 0.0000e+00
     42.000    28.9860  54.815564    33.3008 7.3384e-01    5.69835    8.14351      7.099  1020.9746       6921     42.243 0.0000e+00
     43.000    28.9861  54.848040    33.3226 7.5338e-01    5.69855    8.14380      7.118  1020.9952       6941     43.249 0.0000e+00
     44.000    28.9844  54.870913    33.3392 7.4155e-01    5.69807    8.14311      7.110  1021.0125       6960     44.255 0.0000e+00
     45.000    28.9827  54.908372    33.3657 7.0142e-01    5.69755    8.14237      7.088  1021.0372       6980     45.261 0.0000e+00
     46.000    28.9819  54.951712    33.3955 6.7817e-01    5.69803    8.14306      7.056  1021.0642       7005     46.267 0.0000e+00
     47.000    28.9795  54.985924    33.4203 6.1440e-01    5.69751    8.14231      7.077  1021.0879       7032     47.272 0.0000e+00
     48.000    28.9745  55.025422    33.4506 6.3282e-01    5.69659    8.14100      7.085  1021.1165       7054     48.279 0.0000e+00
     49.000    28.9456  55.073560    33.5035 6.3626e-01    5.69836    8.14352      7.080  1021.1702       7071     49.285 0.0000e+00
     50.000    28.9052  55.087591    33.5412 6.7862e-01    5.70051    8.14660      7.068  1021.2161       7088     50.290 0.0000e+00
     51.000    28.8612  55.094908    33.5768 7.1578e-01    5.70289    8.15000      7.053  1021.2618       7104     51.296 0.0000e+00
     52.000    28.7979  55.100350    33.6249 7.4509e-01    5.70628    8.15485      7.059  1021.3232       7124     52.302 0.0000e+00
     53.000    28.7373  55.079740    33.6532 7.1227e-01    5.71157    8.16241      7.054  1021.3687       7157     53.308 0.0000e+00
     54.000    28.6994  55.063349    33.6684 7.3824e-01    5.71411    8.16603      7.034  1021.3971       7188     54.314 0.0000e+00
     55.000    28.6801  55.053987    33.6754 7.4202e-01    5.71552    8.16806      7.021  1021.4129       7207     55.320 0.0000e+00
     56.000    28.6719  55.050004    33.6781 7.2722e-01    5.71649    8.16944      6.994  1021.4221       7223     56.326 0.0000e+00
     57.000    28.6636  55.049438    33.6833 7.1888e-01    5.71851    8.17232      6.950  1021.4330       7241     57.332 0.0000e+00
     58.000    28.6631  55.068548    33.6965 6.9601e-01    5.71856    8.17239      6.951  1021.4474       7262     58.338 0.0000e+00
     59.000    28.6908  55.150673    33.7331 7.0741e-01    5.71647    8.16941      6.951  1021.4700       7286     59.344 0.0000e+00
     60.000    28.7238  55.233753    33.7666 7.3810e-01    5.71568    8.16827      6.972  1021.4885       7314     60.350 0.0000e+00
     61.000    28.7295  55.272364    33.7889 7.4060e-01    5.71518    8.16757      7.015  1021.5077       7343     61.356 0.0000e+00
     62.000    28.7168  55.280878    33.8035 7.3611e-01    5.71658    8.16956      7.033  1021.5271       7366     62.362 0.0000e+00
     63.000    28.7067  55.277900    33.8083 7.2725e-01    5.71768    8.17114      7.035  1021.5384       7385     63.368 0.0000e+00
     64.000    28.6316  55.242371    33.8369 7.0739e-01    5.72285    8.17853      7.025  1021.5890       7402     64.374 0.0000e+00
     65.000    28.5863  55.219961    33.8534 7.0757e-01    5.72516    8.18183      7.020  1021.6206       7421     65.380 0.0000e+00
     66.000    28.5706  55.208330    33.8563 6.9202e-01    5.72579    8.18272      6.980  1021.6323       7446     66.386 0.0000e+00
     67.000    28.5633  55.203888    33.8581 6.9263e-01    5.72764    8.18538      6.935  1021.6404       7478     67.392 0.0000e+00
     68.000    28.5498  55.192599    33.8597 7.2449e-01    5.72999    8.18873      6.900  1021.6504       7508     68.398 0.0000e+00
     69.000    28.5018  55.151548    33.8653 7.1928e-01    5.73389    8.19431      6.884  1021.6747       7530     69.404 0.0000e+00
     70.000    28.4152  55.083154    33.8795 7.1544e-01    5.73826    8.20055      6.850  1021.7182       7549     70.410 0.0000e+00
     71.000    28.3290  55.023312    33.8993 7.1968e-01    5.74090    8.20432      6.806  1021.7658       7567     71.416 0.0000e+00
     72.000    28.2400  54.977231    33.9309 7.1713e-01    5.74157    8.20528      6.729  1021.8230       7587     72.422 0.0000e+00
     73.000    28.2151  54.969129    33.9428 7.1986e-01    5.74010    8.20317      6.550  1021.8444       7612     73.428 0.0000e+00
     74.000    28.1904  54.965018    33.9574 7.1807e-01    5.74393    8.20865      6.354  1021.8678       7639     74.434 0.0000e+00
     75.000    28.1734  54.961053    33.9666 7.1483e-01    5.74636    8.21213      6.272  1021.8846       7664     75.440 0.0000e+00
     76.000    28.1496  54.957534    33.9810 7.1276e-01    5.74827    8.21485      6.229  1021.9075       7687     76.446 0.0000e+00
     77.000    28.0809  54.913951    33.9997 7.1600e-01    5.75303    8.22166      6.197  1021.9483       7710     77.452 0.0000e+00
     78.000    28.0729  54.908565    34.0015 7.1990e-01    5.75164    8.21967      6.118  1021.9566       7731     78.458 0.0000e+00
     79.000    28.0995  54.972633    34.0267 7.0951e-01    5.75002    8.21735      6.063  1021.9711       7750     79.465 0.0000e+00
     80.000    28.1558  55.136735    34.1000 7.3214e-01    5.74546    8.21084      6.041  1022.0121       7767     80.470 0.0000e+00
     81.000    28.1747  55.311912    34.2080 7.3906e-01    5.74473    8.20980      6.023  1022.0913       7786     81.477 0.0000e+00
     82.000    28.0251  55.174914    34.2206 7.3086e-01    5.75594    8.22581      6.041  1022.1540       7817     82.483 0.0000e+00
     83.000    27.9809  55.338991    34.3671 7.0863e-01    5.75087    8.21857      5.986  1022.2829       7849     83.489 0.0000e+00
     84.000    27.8701  55.234032    34.3742 7.2911e-01    5.76076    8.23270      5.949  1022.3286       7870     84.495 0.0000e+00
     85.000    27.7538  55.138832    34.3922 7.2810e-01    5.76696    8.24156      5.900  1022.3843       7889     85.501 0.0000e+00
     86.000    27.6983  55.098182    34.4040 7.3256e-01    5.76906    8.24456      5.826  1022.4155       7907     86.507 0.0000e+00
     87.000    27.6514  55.062241    34.4128 7.2936e-01    5.77324    8.25053      5.721  1022.4416       7926     87.513 0.0000e+00
     88.000    27.6039  55.004764    34.4069 6.8835e-01    5.77919    8.25904      5.636  1022.4569       7946     88.519 0.0000e+00
     89.000    27.5406  54.923276    34.3957 6.7829e-01    5.78347    8.26516      5.558  1022.4733       7976     89.525 0.0000e+00
     90.000    27.5241  54.897394    34.3892 7.2255e-01    5.78589    8.26861      5.494  1022.4781       8008     90.531 0.0000e+00
     91.000    27.4934  54.848227    34.3768 6.9839e-01    5.79017    8.27474      5.458  1022.4830       8028     91.538 0.0000e+00
     92.000    27.4208  54.738676    34.3524 7.1852e-01    5.79744    8.28513      5.424  1022.4924       8045     92.544 0.0000e+00
     93.000    27.1404  54.336723    34.2736 7.3979e-01    5.82185    8.32001      5.370  1022.5275       8064     93.550 0.0000e+00
     94.000    26.8330  53.961524    34.2328 6.9320e-01    5.83859    8.34393      5.245  1022.5992       8089     94.556 0.0000e+00
     95.000    26.5860  53.677394    34.2118 6.8905e-01    5.85402    8.36598      4.959  1022.6661       8118     95.562 0.0000e+00
     96.000    26.2330  53.261905    34.1742 7.3795e-01    5.88469    8.40981      4.757  1022.7532       8139     96.568 0.0000e+00
     97.000    25.7692  52.770252    34.1631 7.0224e-01    5.91832    8.45788      4.596  1022.8936       8157     97.574 0.0000e+00
     98.000    25.4455  52.485237    34.1973 6.8077e-01    5.93123    8.47633      4.362  1023.0237       8176     98.581 0.0000e+00
     99.000    25.2853  52.370073    34.2331 7.3222e-01    5.94140    8.49086      3.960  1023.1042       8203     99.587 0.0000e+00
    100.000    25.2444  52.342536    34.2434 7.3686e-01    5.95393    8.50876      3.603  1023.1288       8232    100.593 0.0000e+00
    101.000    25.2221  52.322463    34.2452 7.2267e-01    5.96054    8.51821      3.483  1023.1413       8253    101.599 0.0000e+00
    102.000    25.1891  52.288362    34.2446 7.2979e-01    5.96582    8.52575      3.429  1023.1553       8271    102.605 0.0000e+00
    103.000    25.0702  52.171297    34.2479 7.0416e-01    5.97751    8.54247      3.392  1023.1984       8289    103.611 0.0000e+00
    104.000    24.9603  52.066386    34.2533 6.9776e-01    5.98311    8.55047      3.348  1023.2403       8309    104.618 0.0000e+00
    105.000    24.6215  51.706922    34.2437 6.9422e-01    6.01311    8.59333      3.262  1023.3397       8335    105.624 0.0000e+00
    106.000    24.3126  51.420814    34.2655 7.2010e-01    6.02680    8.61290      3.117  1023.4533       8362    106.630 0.0000e+00
    107.000    24.2243  51.352378    34.2815 7.2041e-01    6.03162    8.61979      2.889  1023.4960       8389    107.636 0.0000e+00
    108.000    24.0448  51.211261    34.3129 7.1832e-01    6.05361    8.65122      2.743  1023.5775       8410    108.642 0.0000e+00
    109.000    23.8814  51.079829    34.3394 6.9208e-01    6.06771    8.67137      2.666  1023.6503       8428    109.649 0.0000e+00
    110.000    23.7926  51.004573    34.3507 6.8843e-01    6.07250    8.67822      2.591  1023.6894       8447    110.655 0.0000e+00
    111.000    23.6931  50.920017    34.3633 6.9757e-01    6.08211    8.69194      2.476  1023.7326       8474    111.661 0.0000e+00
    112.000    23.5471  50.804774    34.3886 6.9690e-01    6.09657    8.71261      2.379  1023.7989       8503    112.667 0.0000e+00
    113.000    23.4033  50.696690    34.4178 6.9665e-01    6.10846    8.72959      2.329  1023.8674       8524    113.674 0.0000e+00
    114.000    23.2942  50.647469    34.4649 7.3964e-01    6.11589    8.74023      2.284  1023.9392       8542    114.680 0.0000e+00
    115.000    23.2827  50.681416    34.4995 7.2296e-01    6.11633    8.74085      2.225  1023.9732       8560    115.686 0.0000e+00
    116.000    23.1690  50.619217    34.5406 7.0979e-01    6.13158    8.76263      2.161  1024.0416       8584    116.692 0.0000e+00
    117.000    23.0258  50.513958    34.5719 7.2870e-01    6.14435    8.78089      2.138  1024.1112       8612    117.698 0.0000e+00
    118.000    22.7303  50.252170    34.6026 7.0920e-01    6.17222    8.82072      2.127  1024.2239       8634    118.705 0.0000e+00
    119.000    22.6194  50.147563    34.6090 7.2766e-01    6.17753    8.82831      2.099  1024.2649       8653    119.711 0.0000e+00
    120.000    22.4892  50.022459    34.6147 7.3254e-01    6.18945    8.84534      2.045  1024.3107       8673    120.717 0.0000e+00
