s1107_D3_u1ave.cnv
* Sea-Bird SBE 9 Data File:
* FileName = C:\Documents and Settings\LAB\Desktop\Cr.107-3_2018\s1107_D3_u1.dat
* Software Version Seasave Win32 V 5.39c
* Temperature SN = 4376
* Conductivity SN = 2830
* Number of Bytes Per Scan = 24
* Number of Voltage Words = 4
* Number of Scans Averaged by the Deck Unit = 1
** Ship:       M.V. SEAFDEC
** Cruise:     107-3/2018
** Station:    D3_1
** Latitude:   09_35_588
** Longitude:  96_05_490
# nquan = 12
# nvalues = 756                         
# units = specified
# name 0 = depSM: Depth [salt water, m]
# name 1 = t090C: Temperature [ITS-90, deg C]
# name 2 = c0mS/cm: Conductivity [mS/cm]
# name 3 = sal00: Salinity, Practical [PSU]
# name 4 = flSP: Fluorescence, Seapoint
# name 5 = sbeox0ML/L: Oxygen, SBE 43 [ml/l]
# name 6 = sbeox0Mg/L: Oxygen, SBE 43 [mg/l]
# name 7 = ph: pH
# name 8 = density00: Density [density, Kg/m^3]
# name 9 = scan: Scan Count
# name 10 = prDM: Pressure, Digiquartz [db]
# name 11 = flag: flag
# span 0 =      1.000,    755.000       
# span 1 =     7.8874,    28.8985       
# span 2 =  36.413432,  54.491042       
# span 3 =    32.6080,    35.0237       
# span 4 = 4.3886e-01, 8.1246e-01       
# span 5 =    5.69276,    8.64708       
# span 6 =    8.13552,   12.35754       
# span 7 =     -0.178,      7.126       
# span 8 =  1020.3497,  1030.7092       
# span 9 =       -152,      23479       
# span 10 =      1.006,    760.684      
# span 11 = 0.0000e+00, 0.0000e+00      
# interval = meters: 1                  
# start_time = Dec 14 2018 15:25:00
# bad_flag = -9.990e-29
*END*
[from data line 482]
    274.000    12.0068  40.124975    34.9963 5.0841e-01    7.44035   10.63301     -0.134  1027.8189      13183    275.741 0.0000e+00
    273.000    12.0087  40.126135    34.9961 5.2721e-01    7.43834   10.63013     -0.134  1027.8139      13211    274.734 0.0000e+00
    272.000    12.0126  40.129302    34.9960 7.5578e-01    7.43748   10.62891     -0.134  1027.8085      13266    273.727 0.0000e+00
    271.000    12.0210  40.138038    34.9971 5.0274e-01    7.43680   10.62793     -0.132  1027.8032      13288    272.720 0.0000e+00
    270.000    12.0405  40.154525    34.9953 5.0385e-01    7.43167   10.62060     -0.133  1027.7935      13305    271.714 0.0000e+00
    269.000    12.0441  40.156919    34.9947 5.0900e-01    7.42906   10.61687     -0.133  1027.7879      13324    270.706 0.0000e+00
    268.000    12.0447  40.157126    34.9948 5.1192e-01    7.42964   10.61770     -0.133  1027.7833      13375    269.699 0.0000e+00
    267.000    12.0580  40.169776    34.9951 5.1226e-01    7.42601   10.61251     -0.133  1027.7765      13420    268.692 0.0000e+00
    266.000    12.0739  40.183212    34.9937 5.2287e-01    7.42368   10.60918     -0.132  1027.7677      13438    267.685 0.0000e+00
    265.000    12.0971  40.204299    34.9929 6.0442e-01    7.41832   10.60153     -0.131  1027.7581      13455    266.678 0.0000e+00
    264.000    12.1354  40.237413    34.9897 5.2095e-01    7.41198   10.59247     -0.131  1027.7436      13478    265.671 0.0000e+00
    263.000    12.1772  40.275179    34.9877 5.2503e-01    7.40477   10.58216     -0.135  1027.7293      13552    264.665 0.0000e+00
    262.000    12.1757  40.274056    34.9885 5.9577e-01    7.40533   10.58296     -0.135  1027.7257      13566    263.657 0.0000e+00
    261.000    12.1909  40.288826    34.9890 6.2202e-01    7.40382   10.58080     -0.136  1027.7186      13580    262.650 0.0000e+00
    260.000    12.2340  40.330167    34.9893 5.5662e-01    7.39517   10.56843     -0.134  1027.7058      13594    261.644 0.0000e+00
    259.000    12.3054  40.391522    34.9826 6.2735e-01    7.38450   10.55319     -0.131  1027.6819      13644    260.636 0.0000e+00
    258.000    12.3238  40.409374    34.9832 4.8225e-01    7.37982   10.54650     -0.131  1027.6742      13694    259.630 0.0000e+00
    257.000    12.3427  40.426948    34.9830 5.8565e-01    7.37736   10.54299     -0.132  1027.6658      13710    258.623 0.0000e+00
    256.000    12.3708  40.453453    34.9828 5.1466e-01    7.37459   10.53903     -0.134  1027.6556      13724    257.616 0.0000e+00
    255.000    12.4279  40.508425    34.9831 4.9380e-01    7.36280   10.52217     -0.133  1027.6399      13743    256.609 0.0000e+00
    254.000    12.4742  40.550596    34.9812 7.5677e-01    7.35872   10.51634     -0.121  1027.6247      13810    255.602 0.0000e+00
    253.000    12.4755  40.553112    34.9829 7.0960e-01    7.35976   10.51784     -0.100  1027.6212      13840    254.595 0.0000e+00
    252.000    12.4992  40.574310    34.9817 6.9964e-01    7.35686   10.51369     -0.094  1027.6111      13855    253.588 0.0000e+00
    251.000    12.5337  40.604662    34.9792 6.9610e-01    7.35122   10.50563     -0.088  1027.5978      13871    252.581 0.0000e+00
    250.000    12.5869  40.651215    34.9751 5.9961e-01    7.34242   10.49305     -0.073  1027.5794      13912    251.574 0.0000e+00
    249.000    12.6037  40.667197    34.9752 5.0121e-01    7.34001   10.48961     -0.054  1027.5716      13966    250.567 0.0000e+00
    248.000    12.6405  40.697706    34.9709 4.8995e-01    7.33354   10.48036     -0.048  1027.5564      13984    249.560 0.0000e+00
    247.000    12.6732  40.724904    34.9671 4.9945e-01    7.32624   10.46993     -0.044  1027.5424      14004    248.553 0.0000e+00
    246.000    12.6879  40.739156    34.9676 5.0196e-01    7.32316   10.46553     -0.045  1027.5353      14040    247.547 0.0000e+00
    245.000    12.6959  40.747203    34.9683 5.9022e-01    7.32248   10.46455     -0.050  1027.5297      14082    246.540 0.0000e+00
    244.000    12.7043  40.756068    34.9695 7.0929e-01    7.31940   10.46016     -0.051  1027.5245      14109    245.533 0.0000e+00
    243.000    12.7340  40.785272    34.9703 6.4111e-01    7.31376   10.45209     -0.050  1027.5146      14133    244.526 0.0000e+00
    242.000    12.7743  40.820303    34.9671 6.4595e-01    7.30707   10.44254     -0.049  1027.4994      14160    243.519 0.0000e+00
    241.000    12.7962  40.840053    34.9661 5.8443e-01    7.30445   10.43879     -0.048  1027.4898      14195    242.512 0.0000e+00
    240.000    12.8085  40.851660    34.9663 4.9286e-01    7.30065   10.43335     -0.049  1027.4829      14248    241.505 0.0000e+00
    239.000    12.8140  40.856041    34.9659 5.0189e-01    7.29950   10.43171     -0.047  1027.4770      14271    240.499 0.0000e+00
    238.000    12.8192  40.860826    34.9660 5.0396e-01    7.29811   10.42972     -0.046  1027.4716      14290    239.492 0.0000e+00
    237.000    12.8286  40.868767    34.9654 5.0033e-01    7.29661   10.42759     -0.045  1027.4647      14314    238.485 0.0000e+00
    236.000    12.8479  40.886136    34.9645 5.1349e-01    7.29312   10.42259     -0.044  1027.4556      14374    237.478 0.0000e+00
    235.000    12.8588  40.896076    34.9644 5.2470e-01    7.28956   10.41751     -0.045  1027.4488      14404    236.471 0.0000e+00
    234.000    12.8790  40.913913    34.9632 6.0595e-01    7.28566   10.41194     -0.044  1027.4393      14423    235.464 0.0000e+00
    233.000    12.8892  40.923151    34.9630 5.3918e-01    7.28464   10.41048     -0.043  1027.4325      14444    234.457 0.0000e+00
    232.000    12.9078  40.939333    34.9617 5.4603e-01    7.28069   10.40484     -0.045  1027.4233      14494    233.451 0.0000e+00
    231.000    12.9132  40.943822    34.9614 5.3129e-01    7.27685   10.39934     -0.046  1027.4175      14531    232.444 0.0000e+00
    230.000    12.9178  40.947475    34.9611 5.7705e-01    7.27737   10.40009     -0.048  1027.4118      14550    231.437 0.0000e+00
    229.000    12.9259  40.953822    34.9601 6.2902e-01    7.27495   10.39664     -0.051  1027.4049      14575    230.430 0.0000e+00
    228.000    12.9449  40.969655    34.9581 4.8752e-01    7.27035   10.39005     -0.059  1027.3950      14622    229.423 0.0000e+00
    227.000    12.9524  40.976087    34.9577 4.9840e-01    7.26877   10.38780     -0.065  1027.3887      14652    228.417 0.0000e+00
    226.000    12.9727  40.994514    34.9570 6.2769e-01    7.26469   10.38197     -0.069  1027.3795      14683    227.410 0.0000e+00
    225.000    13.0060  41.023276    34.9541 5.8333e-01    7.25961   10.37471     -0.072  1027.3660      14718    226.403 0.0000e+00
    224.000    13.0107  41.027107    34.9539 7.0868e-01    7.25875   10.37347     -0.072  1027.3604      14741    225.396 0.0000e+00
    223.000    13.0174  41.033431    34.9541 6.3385e-01    7.25798   10.37238     -0.071  1027.3547      14763    224.389 0.0000e+00
    222.000    13.0463  41.058584    34.9518 6.4171e-01    7.25135   10.36290     -0.066  1027.3425      14821    223.383 0.0000e+00
    221.000    13.0631  41.074765    34.9522 5.0723e-01    7.24984   10.36074     -0.064  1027.3349      14853    222.376 0.0000e+00
    220.000    13.0920  41.099930    34.9499 5.0797e-01    7.24576   10.35491     -0.063  1027.3227      14872    221.369 0.0000e+00
    219.000    13.1265  41.129742    34.9470 5.0679e-01    7.23940   10.34582     -0.063  1027.3088      14892    220.362 0.0000e+00
    218.000    13.1436  41.144273    34.9454 5.1156e-01    7.23570   10.34055     -0.064  1027.2996      14938    219.356 0.0000e+00
    217.000    13.1553  41.155598    34.9459 4.9846e-01    7.23428   10.33851     -0.063  1027.2931      14988    218.349 0.0000e+00
    216.000    13.2081  41.205549    34.9451 5.2776e-01    7.22561   10.32612     -0.062  1027.2771      15010    217.342 0.0000e+00
    215.000    13.3139  41.296309    34.9344 5.6305e-01    7.20909   10.30251     -0.059  1027.2425      15029    216.335 0.0000e+00
    214.000    13.3565  41.332517    34.9300 5.2672e-01    7.20512   10.29684     -0.058  1027.2258      15057    215.329 0.0000e+00
    213.000    13.3659  41.341409    34.9302 5.9941e-01    7.20199   10.29236     -0.058  1027.2195      15109    214.322 0.0000e+00
    212.000    13.3763  41.352009    34.9311 6.1746e-01    7.20051   10.29026     -0.058  1027.2135      15145    213.315 0.0000e+00
    211.000    13.4127  41.384098    34.9284 5.8432e-01    7.19357   10.28033     -0.058  1027.1994      15168    212.308 0.0000e+00
    210.000    13.4481  41.414312    34.9250 5.6722e-01    7.18993   10.27513     -0.056  1027.1849      15194    211.302 0.0000e+00
    209.000    13.4569  41.421784    34.9244 6.4045e-01    7.18646   10.27017     -0.056  1027.1782      15242    210.295 0.0000e+00
    208.000    13.4571  41.422665    34.9255 5.0116e-01    7.18674   10.27056     -0.056  1027.1745      15286    209.288 0.0000e+00
    207.000    13.4592  41.424668    34.9258 6.7718e-01    7.18541   10.26867     -0.055  1027.1698      15305    208.282 0.0000e+00
    206.000    13.4633  41.427423    34.9251 6.7736e-01    7.18293   10.26512     -0.055  1027.1639      15325    207.275 0.0000e+00
    205.000    13.4760  41.438589    34.9244 5.5766e-01    7.18014   10.26114     -0.056  1027.1563      15362    206.268 0.0000e+00
    204.000    13.5160  41.475915    34.9234 6.2828e-01    7.17476   10.25344     -0.054  1027.1427      15420    205.262 0.0000e+00
    203.000    13.5797  41.535114    34.9213 6.1322e-01    7.16755   10.24314     -0.052  1027.1232      15446    204.255 0.0000e+00
    202.000    13.6526  41.599472    34.9157 6.7373e-01    7.15543   10.22583     -0.048  1027.0991      15466    203.248 0.0000e+00
    201.000    13.6987  41.640256    34.9123 5.9924e-01    7.14963   10.21754     -0.045  1027.0823      15494    202.241 0.0000e+00
    200.000    13.6601  41.607125    34.9169 7.1537e-01    7.15381   10.22352     -0.044  1027.0895      16051    201.235 0.0000e+00
    199.000    13.5718  41.527302    34.9229 7.3285e-01    7.16660   10.24179     -0.050  1027.1082      16926    200.228 0.0000e+00
    198.000    13.5656  41.521608    34.9236 7.3303e-01    7.16764   10.24327     -0.050  1027.1055      17153    199.221 0.0000e+00
    197.000    13.6493  41.596644    34.9181 7.1635e-01    7.15655   10.22742     -0.049  1027.0793      17162    198.215 0.0000e+00
    196.000    13.7068  41.648362    34.9147 7.4644e-01    7.14817   10.21545     -0.045  1027.0601      17204    197.208 0.0000e+00
    195.000    13.7397  41.678845    34.9137 7.5202e-01    7.14424   10.20983     -0.042  1027.0479      17241    196.201 0.0000e+00
    194.000    13.7651  41.700689    34.9114 7.3272e-01    7.14057   10.20459     -0.039  1027.0362      17260    195.195 0.0000e+00
    193.000    13.7776  41.710730    34.9099 7.2017e-01    7.13850   10.20163     -0.035  1027.0280      17282    194.188 0.0000e+00
    192.000    13.7802  41.713266    34.9102 7.4022e-01    7.13540   10.19720     -0.033  1027.0233      17321    193.182 0.0000e+00
    191.000    13.7816  41.714935    34.9110 7.8419e-01    7.13449   10.19589     -0.030  1027.0191      17383    192.175 0.0000e+00
    190.000    13.8027  41.736226    34.9121 7.6405e-01    7.13140   10.19148     -0.029  1027.0110      17405    191.168 0.0000e+00
    189.000    13.8467  41.773157    34.9070 7.2785e-01    7.12362   10.18036     -0.029  1026.9933      17423    190.162 0.0000e+00
    188.000    13.8554  41.780441    34.9063 7.0455e-01    7.12167   10.17757     -0.028  1026.9864      17444    189.155 0.0000e+00
    187.000    13.8597  41.784067    34.9063 7.2078e-01    7.12104   10.17668     -0.031  1026.9810      17491    188.149 0.0000e+00
    186.000    13.8632  41.787041    34.9063 7.2088e-01    7.11919   10.17404     -0.031  1026.9758      17530    187.142 0.0000e+00
    185.000    13.8702  41.793340    34.9062 7.0682e-01    7.11790   10.17219     -0.031  1026.9698      17557    186.135 0.0000e+00
    184.000    13.8981  41.817125    34.9034 7.1290e-01    7.11312   10.16536     -0.031  1026.9572      17595    185.129 0.0000e+00
    183.000    13.9132  41.830473    34.9026 6.9509e-01    7.11160   10.16319     -0.029  1026.9489      17634    184.122 0.0000e+00
    182.000    13.9271  41.843670    34.9028 7.3846e-01    7.10767   10.15757     -0.026  1026.9417      17670    183.116 0.0000e+00
    181.000    13.9614  41.876098    34.9022 7.9142e-01    7.10240   10.15003     -0.024  1026.9295      17695    182.109 0.0000e+00
    180.000    14.0057  41.915218    34.8989 7.3737e-01    7.09478   10.13915     -0.021  1026.9130      17720    181.102 0.0000e+00
    179.000    14.0614  41.963308    34.8936 7.3231e-01    7.08877   10.13056     -0.019  1026.8925      17765    180.096 0.0000e+00
    178.000    14.1345  42.028243    34.8881 6.8781e-01    7.08001   10.11804     -0.014  1026.8682      17811    179.089 0.0000e+00
    177.000    14.2298  42.114018    34.8820 7.6281e-01    7.06520   10.09688     -0.006  1026.8385      17845    178.083 0.0000e+00
    176.000    14.2815  42.158013    34.8764 7.1732e-01    7.05742   10.08575     -0.004  1026.8186      17873    177.076 0.0000e+00
    175.000    14.2906  42.166840    34.8768 7.5353e-01    7.05767   10.08612      0.000  1026.8125      17901    176.070 0.0000e+00
    174.000    14.3310  42.204572    34.8757 7.3880e-01    7.05029   10.07556      0.003  1026.7984      17940    175.063 0.0000e+00
    173.000    14.3599  42.230938    34.8744 7.1743e-01    7.04575   10.06907      0.004  1026.7867      17982    174.057 0.0000e+00
    172.000    14.3999  42.267711    34.8727 7.4241e-01    7.03953   10.06019      0.003  1026.7723      18024    173.050 0.0000e+00
    171.000    14.4724  42.335061    34.8700 7.0812e-01    7.02844   10.04434      0.003  1026.7500      18056    172.044 0.0000e+00
    170.000    14.4995  42.357856    34.8670 7.0238e-01    7.02415   10.03822      0.004  1026.7373      18077    171.037 0.0000e+00
    169.000    14.5272  42.383165    34.8658 7.4885e-01    7.01905   10.03093     -0.000  1026.7260      18112    170.031 0.0000e+00
    168.000    14.5611  42.414464    34.8645 7.0909e-01    7.01386   10.02351     -0.002  1026.7131      18159    169.024 0.0000e+00
    167.000    14.5749  42.426650    34.8638 7.0806e-01    7.01144   10.02005     -0.004  1026.7051      18182    168.018 0.0000e+00
    166.000    14.6575  42.503346    34.8604 7.3736e-01    6.99927   10.00265     -0.002  1026.6799      18207    167.011 0.0000e+00
    165.000    14.8158  42.643398    34.8474 7.3400e-01    6.98138    9.97708     -0.000  1026.6307      18275    166.005 0.0000e+00
    164.000    14.8786  42.703562    34.8466 7.2648e-01    6.97239    9.96424      0.003  1026.6117      18299    164.998 0.0000e+00
    163.000    14.9774  42.791819    34.8393 7.3646e-01    6.95786    9.94347      0.008  1026.5798      18317    163.991 0.0000e+00
    162.000    15.1144  42.916074    34.8307 7.1391e-01    6.94007    9.91806      0.011  1026.5382      18339    162.985 0.0000e+00
    161.000    15.2813  43.061369    34.8144 7.3621e-01    6.92143    9.89141      0.024  1026.4839      18391    161.979 0.0000e+00
    160.000    15.3347  43.112795    34.8140 7.3447e-01    6.91492    9.88211      0.042  1026.4672      18435    160.972 0.0000e+00
    159.000    15.4233  43.192895    34.8082 7.0496e-01    6.90237    9.86417      0.049  1026.4382      18466    159.966 0.0000e+00
    158.000    15.4831  43.243692    34.8015 7.0103e-01    6.89534    9.85413      0.058  1026.4151      18499    158.959 0.0000e+00
    157.000    15.5217  43.280368    34.8008 7.2930e-01    6.88908    9.84518      0.067  1026.4014      18536    157.953 0.0000e+00
    156.000    15.5539  43.310650    34.8000 7.1220e-01    6.88569    9.84034      0.075  1026.3891      18580    156.946 0.0000e+00
