s1107_D3_u1ave.cnv
* Sea-Bird SBE 9 Data File:
* FileName = C:\Documents and Settings\LAB\Desktop\Cr.107-3_2018\s1107_D3_u1.dat
* Software Version Seasave Win32 V 5.39c
* Temperature SN = 4376
* Conductivity SN = 2830
* Number of Bytes Per Scan = 24
* Number of Voltage Words = 4
* Number of Scans Averaged by the Deck Unit = 1
** Ship:       M.V. SEAFDEC
** Cruise:     107-3/2018
** Station:    D3_1
** Latitude:   09_35_588
** Longitude:  96_05_490
# nquan = 12
# nvalues = 756                         
# units = specified
# name 0 = depSM: Depth [salt water, m]
# name 1 = t090C: Temperature [ITS-90, deg C]
# name 2 = c0mS/cm: Conductivity [mS/cm]
# name 3 = sal00: Salinity, Practical [PSU]
# name 4 = flSP: Fluorescence, Seapoint
# name 5 = sbeox0ML/L: Oxygen, SBE 43 [ml/l]
# name 6 = sbeox0Mg/L: Oxygen, SBE 43 [mg/l]
# name 7 = ph: pH
# name 8 = density00: Density [density, Kg/m^3]
# name 9 = scan: Scan Count
# name 10 = prDM: Pressure, Digiquartz [db]
# name 11 = flag: flag
# span 0 =      1.000,    755.000       
# span 1 =     7.8874,    28.8985       
# span 2 =  36.413432,  54.491042       
# span 3 =    32.6080,    35.0237       
# span 4 = 4.3886e-01, 8.1246e-01       
# span 5 =    5.69276,    8.64708       
# span 6 =    8.13552,   12.35754       
# span 7 =     -0.178,      7.126       
# span 8 =  1020.3497,  1030.7092       
# span 9 =       -152,      23479       
# span 10 =      1.006,    760.684      
# span 11 = 0.0000e+00, 0.0000e+00      
# interval = meters: 1                  
# start_time = Dec 14 2018 15:25:00
# bad_flag = -9.990e-29
*END*
[from data line 602]
    154.000    15.6127  43.364623    34.7974 7.8889e-01    6.87444    9.82426      0.081  1026.3648      18635    154.933 0.0000e+00
    153.000    15.6481  43.397629    34.7962 7.8072e-01    6.86958    9.81731      0.086  1026.3514      18681    153.927 0.0000e+00
    152.000    15.6901  43.437925    34.7957 7.7290e-01    6.86411    9.80949      0.091  1026.3370      18732    152.921 0.0000e+00
    151.000    15.8154  43.553612    34.7893 7.4097e-01    6.84660    9.78447      0.095  1026.2990      18759    151.914 0.0000e+00
    150.000    15.9070  43.632572    34.7798 7.6280e-01    6.83840    9.77276      0.102  1026.2662      18788    150.908 0.0000e+00
    149.000    15.9385  43.660617    34.7775 7.4127e-01    6.83618    9.76959      0.116  1026.2528      18819    149.901 0.0000e+00
    148.000    16.0037  43.718874    34.7726 7.2784e-01    6.82616    9.75526      0.134  1026.2296      18868    148.895 0.0000e+00
    147.000    16.1262  43.833646    34.7678 7.4824e-01    6.80986    9.73197      0.148  1026.1931      18928    147.889 0.0000e+00
    146.000    16.3063  44.002460    34.7604 7.6425e-01    6.78950    9.70287      0.155  1026.1411      18948    146.882 0.0000e+00
    145.000    16.5622  44.238406    34.7462 7.4774e-01    6.75647    9.65567      0.167  1026.0657      18968    145.876 0.0000e+00
    144.000    16.7468  44.396664    34.7255 7.1517e-01    6.74031    9.63258      0.189  1026.0018      19005    144.869 0.0000e+00
    143.000    16.7776  44.427201    34.7260 6.9202e-01    6.73488    9.62481      0.221  1025.9904      19057    143.863 0.0000e+00
    142.000    16.8234  44.472682    34.7265 7.0809e-01    6.72611    9.61228      0.229  1025.9755      19083    142.857 0.0000e+00
    141.000    16.8863  44.526205    34.7193 7.1308e-01    6.71983    9.60331      0.237  1025.9506      19121    141.850 0.0000e+00
    140.000    16.9938  44.630818    34.7181 6.8373e-01    6.70511    9.58228      0.243  1025.9195      19162    140.844 0.0000e+00
    139.000    17.1687  44.789178    34.7056 6.9923e-01    6.68681    9.55613      0.259  1025.8636      19202    139.838 0.0000e+00
    138.000    17.3338  44.940870    34.6956 7.1810e-01    6.66935    9.53117      0.277  1025.8117      19237    138.831 0.0000e+00
    137.000    17.6092  45.202533    34.6860 6.9464e-01    6.63172    9.47739      0.293  1025.7328      19261    137.825 0.0000e+00
    136.000    17.9093  45.467515    34.6580 7.1519e-01    6.60195    9.43485      0.316  1025.6332      19296    136.818 0.0000e+00
    135.000    17.9987  45.551415    34.6541 7.4279e-01    6.59428    9.42388      0.345  1025.6037      19343    135.812 0.0000e+00
    134.000    18.0235  45.577129    34.6554 7.3455e-01    6.58894    9.41625      0.360  1025.5941      19370    134.806 0.0000e+00
    133.000    18.1026  45.651063    34.6516 7.2191e-01    6.57822    9.40093      0.373  1025.5672      19413    133.799 0.0000e+00
    132.000    18.1693  45.713410    34.6486 6.9667e-01    6.57151    9.39135      0.387  1025.5439      19459    132.793 0.0000e+00
    131.000    18.1760  45.720192    34.6491 7.0639e-01    6.57034    9.38967      0.395  1025.5381      19479    131.787 0.0000e+00
    130.000    18.1810  45.724880    34.6492 6.9784e-01    6.56847    9.38699      0.400  1025.5325      19501    130.780 0.0000e+00
    129.000    18.2379  45.779312    34.6477 6.8240e-01    6.55998    9.37487      0.410  1025.5128      19556    129.774 0.0000e+00
    128.000    18.3097  45.846904    34.6447 6.7643e-01    6.55321    9.36519      0.415  1025.4882      19602    128.768 0.0000e+00
    127.000    18.3739  45.905470    34.6405 7.2354e-01    6.54628    9.35529      0.423  1025.4644      19624    127.761 0.0000e+00
    126.000    18.4318  45.959127    34.6375 7.1359e-01    6.54389    9.35188      0.442  1025.4432      19648    126.755 0.0000e+00
    125.000    18.5900  46.101668    34.6250 7.0684e-01    6.53175    9.33453      0.516  1025.3894      19698    125.749 0.0000e+00
    124.000    18.7251  46.229600    34.6195 7.1631e-01    6.51661    9.31289      0.584  1025.3465      19740    124.743 0.0000e+00
    123.000    18.9389  46.424145    34.6040 7.3306e-01    6.49649    9.28413      0.612  1025.2758      19758    123.736 0.0000e+00
    122.000    19.1159  46.586676    34.5923 7.2282e-01    6.48074    9.26163      0.644  1025.2171      19776    122.730 0.0000e+00
    121.000    19.6418  47.088118    34.5717 7.1062e-01    6.43553    9.19701      0.807  1025.0603      19824    121.724 0.0000e+00
    120.000    19.9423  47.370634    34.5565 7.1817e-01    6.40675    9.15589      1.064  1024.9657      19888    120.717 0.0000e+00
    119.000    19.9689  47.393599    34.5538 7.2486e-01    6.40176    9.14876      1.093  1024.9522      19904    119.711 0.0000e+00
    118.000    20.1175  47.552057    34.5616 7.1106e-01    6.38529    9.12521      1.123  1024.9144      19922    118.705 0.0000e+00
    117.000    20.2971  47.753547    34.5788 7.2222e-01    6.35992    9.08896      1.161  1024.8753      19956    117.699 0.0000e+00
    116.000    20.3997  47.869917    34.5897 7.1757e-01    6.33984    9.06026      1.108  1024.8518      20016    116.692 0.0000e+00
    115.000    20.4677  47.947058    34.5970 7.2490e-01    6.33189    9.04890      1.079  1024.8348      20039    115.686 0.0000e+00
    114.000    20.6958  48.162181    34.5853 7.1242e-01    6.30491    9.01035      1.067  1024.7600      20063    114.680 0.0000e+00
    113.000    20.8921  48.340142    34.5693 7.0973e-01    6.28506    8.98197      1.057  1024.6903      20091    113.674 0.0000e+00
    112.000    21.0124  48.450085    34.5604 7.0043e-01    6.27260    8.96418      1.035  1024.6464      20134    112.667 0.0000e+00
    111.000    21.0717  48.486692    34.5420 7.1836e-01    6.26430    8.95231      1.030  1024.6118      20177    111.661 0.0000e+00
    110.000    21.2126  48.591698    34.5125 6.8308e-01    6.24498    8.92470      1.023  1024.5465      20201    110.655 0.0000e+00
    109.000    21.3520  48.707365    34.4927 7.0333e-01    6.22860    8.90130      0.990  1024.4887      20225    109.649 0.0000e+00
    108.000    21.4010  48.749838    34.4875 7.4760e-01    6.22755    8.89979      0.958  1024.4669      20259    108.642 0.0000e+00
    107.000    21.4792  48.816694    34.4781 6.9563e-01    6.21846    8.88681      0.971  1024.4338      20304    107.636 0.0000e+00
    106.000    21.5119  48.845426    34.4750 7.0058e-01    6.21637    8.88382      0.978  1024.4180      20337    106.630 0.0000e+00
    105.000    21.5551  48.883283    34.4707 7.0464e-01    6.21110    8.87629      0.988  1024.3984      20364    105.624 0.0000e+00
    104.000    21.6920  48.995236    34.4501 7.1889e-01    6.19820    8.85784      1.000  1024.3404      20390    104.618 0.0000e+00
    103.000    21.8588  49.138007    34.4299 7.0167e-01    6.18495    8.83891      1.025  1024.2742      20417    103.612 0.0000e+00
    102.000    21.9987  49.274286    34.4260 6.8517e-01    6.17678    8.82724      1.108  1024.2277      20451    102.605 0.0000e+00
    101.000    22.1425  49.419937    34.4263 6.7565e-01    6.16851    8.81542      1.239  1024.1832      20494    101.599 0.0000e+00
    100.000    22.2815  49.573500    34.4364 7.0344e-01    6.16240    8.80668      1.472  1024.1473      20754    100.593 0.0000e+00
     99.000    22.4211  49.730679    34.4487 6.7266e-01    6.15529    8.79653      1.431  1024.1126      21205     99.587 0.0000e+00
     98.000    22.6224  49.963386    34.4708 6.6307e-01    6.13616    8.76919      1.536  1024.0677      21207     98.581 0.0000e+00
     97.000    22.7979  50.178239    34.4990 6.9631e-01    6.12001    8.74610      1.599  1024.0346      21221     97.575 0.0000e+00
     96.000    23.0886  50.501262    34.5196 6.8685e-01    6.10035    8.71800      1.674  1023.9620      21234     96.568 0.0000e+00
     95.000    23.7281  51.119531    34.4926 6.7108e-01    6.05164    8.64840      1.807  1023.7506      21249     95.562 0.0000e+00
     94.000    24.0001  51.353750    34.4593 6.8319e-01    6.03736    8.62799      2.153  1023.6406      21273     94.556 0.0000e+00
     93.000    24.3490  51.694257    34.4465 6.8329e-01    6.01665    8.59839      2.743  1023.5228      21311     93.550 0.0000e+00
     92.000    24.5888  51.929919    34.4389 6.8222e-01    5.98915    8.55909      2.915  1023.4407      21332     92.544 0.0000e+00
     91.000    24.8305  52.133891    34.4062 6.8374e-01    5.96368    8.52270      3.024  1023.3387      21347     91.538 0.0000e+00
     90.000    24.9313  52.132683    34.3288 6.9930e-01    5.96152    8.51961      3.113  1023.2454      21361     90.531 0.0000e+00
     89.000    24.9426  52.009401    34.2293 6.8448e-01    5.97012    8.53189      3.203  1023.1625      21376     89.525 0.0000e+00
     88.000    25.2398  52.099531    34.0721 6.8531e-01    5.93735    8.48507      3.271  1022.9488      21402     88.519 0.0000e+00
     87.000    25.8407  52.526520    33.9358 6.9260e-01    5.87686    8.39861      3.268  1022.6569      21442     87.513 0.0000e+00
     86.000    26.0246  52.650785    33.8901 6.6196e-01    5.87580    8.39710      3.407  1022.5610      21462     86.507 0.0000e+00
     85.000    26.1164  52.718162    33.8714 6.7294e-01    5.87618    8.39764      3.520  1022.5140      21477     85.501 0.0000e+00
     84.000    26.2506  52.831816    33.8548 7.0327e-01    5.86876    8.38704      3.635  1022.4553      21491     84.495 0.0000e+00
     83.000    26.4017  52.939087    33.8213 6.6779e-01    5.85705    8.37030      3.765  1022.3783      21507     83.489 0.0000e+00
     82.000    26.4247  52.953409    33.8151 6.7715e-01    5.85236    8.36360      3.930  1022.3620      21528     82.483 0.0000e+00
     81.000    26.4374  52.967273    33.8160 7.3573e-01    5.85040    8.36081      4.090  1022.3545      21558     81.476 0.0000e+00
     80.000    26.4424  52.970709    33.8151 6.7165e-01    5.84777    8.35705      4.159  1022.3479      21584     80.470 0.0000e+00
     79.000    26.4457  52.967071    33.8103 6.7887e-01    5.84527    8.35347      4.177  1022.3389      21603     79.464 0.0000e+00
     78.000    26.4437  52.953721    33.8025 6.6702e-01    5.84581    8.35424      4.194  1022.3293      21619     78.458 0.0000e+00
     77.000    26.4644  52.959989    33.7922 6.8058e-01    5.84349    8.35093      4.204  1022.3107      21637     77.452 0.0000e+00
     76.000    26.5351  52.995600    33.7663 6.6522e-01    5.83565    8.33972      4.198  1022.2646      21658     76.446 0.0000e+00
     75.000    26.8265  53.214139    33.7104 6.9440e-01    5.80896    8.30158      4.206  1022.1261      21681     75.440 0.0000e+00
     74.000    27.1105  53.422098    33.6526 6.7425e-01    5.79327    8.27916      4.268  1021.9880      21705     74.434 0.0000e+00
     73.000    27.1775  53.473270    33.6408 6.6247e-01    5.79785    8.28570      4.441  1021.9534      21726     73.428 0.0000e+00
     72.000    27.3344  53.583581    33.6060 6.4667e-01    5.78332    8.26494      4.640  1021.8726      21746     72.422 0.0000e+00
     71.000    27.4915  53.701633    33.5766 6.5026e-01    5.77053    8.24666      4.769  1021.7958      21766     71.416 0.0000e+00
     70.000    27.5856  53.776007    33.5617 6.4584e-01    5.76822    8.24336      4.921  1021.7499      21785     70.410 0.0000e+00
     69.000    27.6861  53.850646    33.5425 6.6016e-01    5.76619    8.24046      5.076  1021.6986      21804     69.404 0.0000e+00
     68.000    27.7111  53.873796    33.5412 6.4791e-01    5.76714    8.24182      5.204  1021.6853      21823     68.398 0.0000e+00
     67.000    27.7180  53.880470    33.5412 6.9199e-01    5.76417    8.23757      5.376  1021.6787      21843     67.392 0.0000e+00
     66.000    27.7461  53.902073    33.5365 6.6240e-01    5.76000    8.23162      5.517  1021.6618      21872     66.386 0.0000e+00
     65.000    27.7666  53.919090    33.5341 6.6917e-01    5.75958    8.23101      5.574  1021.6491      21899     65.380 0.0000e+00
     64.000    27.8003  53.943494    33.5274 6.5142e-01    5.75695    8.22726      5.601  1021.6288      21915     64.374 0.0000e+00
     63.000    27.8411  53.972746    33.5191 6.6369e-01    5.75323    8.22193      5.604  1021.6050      21929     63.368 0.0000e+00
     62.000    27.8750  53.999246    33.5137 7.3674e-01    5.75167    8.21971      5.594  1021.5856      21944     62.362 0.0000e+00
     61.000    27.9202  54.028212    33.5021 6.4485e-01    5.74859    8.21532      5.646  1021.5579      21965     61.356 0.0000e+00
     60.000    27.9802  54.072369    33.4905 6.6237e-01    5.74377    8.20842      5.769  1021.5254      21996     60.350 0.0000e+00
     59.000    28.0953  54.147467    33.4613 6.6483e-01    5.73757    8.19956      5.833  1021.4616      22020     59.344 0.0000e+00
     58.000    28.2588  54.240628    33.4106 7.0915e-01    5.72582    8.18277      5.878  1021.3658      22038     58.338 0.0000e+00
     57.000    28.3767  54.305265    33.3726 6.5070e-01    5.72071    8.17547      5.961  1021.2943      22056     57.332 0.0000e+00
     56.000    28.4804  54.356183    33.3351 6.3733e-01    5.71650    8.16945      6.138  1021.2278      22077     56.326 0.0000e+00
     55.000    28.6105  54.420549    33.2886 6.4655e-01    5.70813    8.15749      6.320  1021.1457      22100     55.320 0.0000e+00
     54.000    28.6716  54.454938    33.2697 6.5404e-01    5.70776    8.15696      6.466  1021.1071      22126     54.314 0.0000e+00
     53.000    28.7153  54.473567    33.2523 6.4395e-01    5.70557    8.15383      6.570  1021.0753      22150     53.308 0.0000e+00
     52.000    28.7705  54.491042    33.2261 6.8948e-01    5.70030    8.14630      6.654  1021.0331      22171     52.302 0.0000e+00
     51.000    28.8548  54.477384    33.1583 6.6810e-01    5.69345    8.13651      6.696  1020.9500      22189     51.296 0.0000e+00
     50.000    28.8843  54.459926    33.1262 6.5748e-01    5.69276    8.13552      6.721  1020.9118      22206     50.290 0.0000e+00
     49.000    28.8985  54.304205    33.0102 6.8970e-01    5.69703    8.14162      6.788  1020.8158      22223     49.284 0.0000e+00
     48.000    28.8876  54.169856    32.9262 6.8676e-01    5.70424    8.15193      6.852  1020.7522      22246     48.278 0.0000e+00
     47.000    28.8849  54.150708    32.9152 6.6926e-01    5.70670    8.15545      6.915  1020.7405      22274     47.272 0.0000e+00
     46.000    28.8851  54.143631    32.9106 6.4007e-01    5.71026    8.16053      6.937  1020.7326      22300     46.267 0.0000e+00
     45.000    28.8871  54.141403    32.9080 6.5050e-01    5.70905    8.15880      6.956  1020.7257      22319     45.261 0.0000e+00
     44.000    28.8891  54.139743    32.9057 6.7363e-01    5.70804    8.15736      6.950  1020.7190      22335     44.255 0.0000e+00
     43.000    28.8907  54.132045    32.8996 7.1558e-01    5.70771    8.15688      6.933  1020.7096      22351     43.249 0.0000e+00
     42.000    28.8920  54.121432    32.8918 6.6143e-01    5.70780    8.15702      6.956  1020.6990      22370     42.243 0.0000e+00
     41.000    28.8928  54.111541    32.8847 6.6957e-01    5.70731    8.15632      6.998  1020.6891      22398     41.237 0.0000e+00
     40.000    28.8918  54.100089    32.8779 6.9619e-01    5.70829    8.15772      6.988  1020.6800      22430     40.231 0.0000e+00
     39.000    28.8891  54.075022    32.8629 6.5579e-01    5.70816    8.15753      6.991  1020.6653      22450     39.225 0.0000e+00
     38.000    28.8869  54.047915    32.8462 6.8554e-01    5.70931    8.15917      7.005  1020.6493      22465     38.219 0.0000e+00
     37.000    28.8812  54.016845    32.8291 6.8375e-01    5.70979    8.15986      7.017  1020.6340      22479     37.214 0.0000e+00
     36.000    28.8758  53.996849    32.8195 6.5931e-01    5.71124    8.16194      7.012  1020.6243      22496     36.208 0.0000e+00
