s1107_B4_d1ave.cnv
* Sea-Bird SBE 9 Data File:
* FileName = C:\Documents and Settings\LAB\Desktop\Cr.107-3_2018\s1107_B4_d1.dat
* Software Version Seasave Win32 V 5.39c
* Temperature SN = 4376
* Conductivity SN = 2830
* Number of Bytes Per Scan = 24
* Number of Voltage Words = 4
* Number of Scans Averaged by the Deck Unit = 1
** Ship:       M.V. SEAFDEC
** Cruise:     107-3/2018
** Station:    B4_1
** Latitude:   7_47_547
** Longitude:  96_48_341
# nquan = 12
# nvalues = 754                         
# units = specified
# name 0 = depSM: Depth [salt water, m]
# name 1 = t090C: Temperature [ITS-90, deg C]
# name 2 = c0mS/cm: Conductivity [mS/cm]
# name 3 = sal00: Salinity, Practical [PSU]
# name 4 = flSP: Fluorescence, Seapoint
# name 5 = sbeox0ML/L: Oxygen, SBE 43 [ml/l]
# name 6 = sbeox0Mg/L: Oxygen, SBE 43 [mg/l]
# name 7 = ph: pH
# name 8 = density00: Density [density, Kg/m^3]
# name 9 = scan: Scan Count
# name 10 = prDM: Pressure, Digiquartz [db]
# name 11 = flag: flag
# span 0 =      1.000,    753.000       
# span 1 =     7.7227,    29.0283       
# span 2 =   6.864774,  55.834269       
# span 3 =     4.0301,    35.0704       
# span 4 = 1.9603e-01, 8.6012e-01       
# span 5 =    5.65590,    8.66196       
# span 6 =    8.08285,   12.37881       
# span 7 =     -0.103,      7.390       
# span 8 =   999.3894,  1030.7260       
# span 9 =        636,      24452       
# span 10 =      1.006,    758.666      
# span 11 = 0.0000e+00, 0.0000e+00      
# interval = meters: 1                  
# start_time = Dec 13 2018 08:38:17
# bad_flag = -9.990e-29
*END*
[from data line 121]
    122.000    22.4020  49.928836    34.6104 7.2083e-01    6.20500    8.86757      1.930  1024.3410       8729    122.730 0.0000e+00
    123.000    22.3599  49.883882    34.6085 6.8554e-01    6.21126    8.87651      1.911  1024.3558       8753    123.736 0.0000e+00
    124.000    22.2970  49.818013    34.6068 7.0535e-01    6.21715    8.88493      1.905  1024.3768       8770    124.743 0.0000e+00
    125.000    22.2428  49.761143    34.6053 7.3358e-01    6.22285    8.89307      1.897  1024.3953       8787    125.749 0.0000e+00
    126.000    22.1314  49.633703    34.5940 7.4379e-01    6.23613    8.91206      1.883  1024.4226       8806    126.755 0.0000e+00
    127.000    21.8470  49.335520    34.5865 7.4758e-01    6.26539    8.95387      1.864  1024.5011       8838    127.761 0.0000e+00
    128.000    21.5601  49.053035    34.5932 7.4184e-01    6.29174    8.99152      1.839  1024.5906       8870    128.768 0.0000e+00
    129.000    21.3976  48.907569    34.6083 7.3192e-01    6.30409    9.00917      1.808  1024.6514       8892    129.774 0.0000e+00
    130.000    21.3663  48.874030    34.6065 7.4498e-01    6.30564    9.01139      1.774  1024.6631       8910    130.780 0.0000e+00
    131.000    21.2427  48.757984    34.6136 7.4688e-01    6.31997    9.03186      1.732  1024.7068       8928    131.787 0.0000e+00
    132.000    21.1825  48.698201    34.6141 7.4236e-01    6.32570    9.04005      1.689  1024.7282       8948    132.793 0.0000e+00
    133.000    21.0775  48.591261    34.6134 7.5907e-01    6.33730    9.05664      1.631  1024.7608       8974    133.799 0.0000e+00
    134.000    20.9701  48.484080    34.6142 7.6008e-01    6.34955    9.07415      1.579  1024.7951       9001    134.806 0.0000e+00
    135.000    20.8020  48.317851    34.6169 7.4473e-01    6.36731    9.09952      1.547  1024.8472       9023    135.812 0.0000e+00
    136.000    20.6682  48.183222    34.6170 7.4128e-01    6.37850    9.11552      1.518  1024.8879       9044    136.818 0.0000e+00
    137.000    20.5453  48.052305    34.6112 7.3270e-01    6.39211    9.13496      1.482  1024.9211       9066    137.825 0.0000e+00
    138.000    20.3642  47.862427    34.6049 7.2768e-01    6.41394    9.16616      1.450  1024.9693       9088    138.831 0.0000e+00
    139.000    20.2709  47.767678    34.6041 7.5472e-01    6.42195    9.17760      1.421  1024.9980       9109    139.837 0.0000e+00
    140.000    20.1226  47.611328    34.5979 7.4941e-01    6.43854    9.20131      1.399  1025.0372       9132    140.844 0.0000e+00
    141.000    19.8999  47.393406    34.6025 7.4260e-01    6.45914    9.23076      1.361  1025.1040       9159    141.850 0.0000e+00
    142.000    19.6345  47.142501    34.6151 7.3966e-01    6.48180    9.26315      1.303  1025.1878       9185    142.856 0.0000e+00
    143.000    19.2247  46.769097    34.6458 7.5121e-01    6.52472    9.32448      1.233  1025.3222       9207    143.863 0.0000e+00
    144.000    18.8647  46.418646    34.6537 7.5091e-01    6.55903    9.37350      1.173  1025.4250       9228    144.869 0.0000e+00
    145.000    18.4487  46.042945    34.6869 7.5530e-01    6.59502    9.42494      1.106  1025.5604       9248    145.876 0.0000e+00
    146.000    18.2337  45.828653    34.6867 7.2029e-01    6.61296    9.45057      1.033  1025.6186       9268    146.882 0.0000e+00
    147.000    17.8460  45.460822    34.7019 7.5856e-01    6.65983    9.51756      0.943  1025.7310       9288    147.888 0.0000e+00
    148.000    17.5091  45.140197    34.7138 7.6437e-01    6.69724    9.57102      0.851  1025.8271       9310    148.895 0.0000e+00
    149.000    17.2651  44.905924    34.7202 7.4963e-01    6.72470    9.61027      0.737  1025.8957       9343    149.901 0.0000e+00
    150.000    17.0450  44.702516    34.7326 7.5992e-01    6.75719    9.65669      0.641  1025.9627       9379    150.908 0.0000e+00
    151.000    16.9837  44.639424    34.7301 7.5631e-01    6.76367    9.66597      0.606  1025.9799       9400    151.914 0.0000e+00
    152.000    16.9574  44.609437    34.7263 7.5990e-01    6.76793    9.67205      0.581  1025.9877       9417    152.921 0.0000e+00
    153.000    16.8828  44.527767    34.7190 7.6440e-01    6.78168    9.69170      0.560  1026.0043       9434    153.927 0.0000e+00
    154.000    16.5520  44.233989    34.7477 7.5144e-01    6.82256    9.75013      0.537  1026.1091       9452    154.934 0.0000e+00
    155.000    16.2182  43.962228    34.7983 7.4629e-01    6.84868    9.78745      0.498  1026.2306       9490    155.940 0.0000e+00
    156.000    16.0902  43.849700    34.8101 7.5340e-01    6.86887    9.81629      0.429  1026.2739       9531    156.946 0.0000e+00
    157.000    16.0409  43.803722    34.8120 7.3078e-01    6.86833    9.81552      0.397  1026.2912       9549    157.953 0.0000e+00
    158.000    16.0002  43.763608    34.8116 7.3628e-01    6.87549    9.82576      0.372  1026.3047       9566    158.959 0.0000e+00
    159.000    15.9000  43.670647    34.8163 7.2653e-01    6.89167    9.84888      0.350  1026.3359       9583    159.966 0.0000e+00
    160.000    15.7238  43.517413    34.8341 7.2170e-01    6.91164    9.87743      0.324  1026.3943       9612    160.972 0.0000e+00
    161.000    15.5585  43.368735    34.8462 7.5266e-01    6.93130    9.90551      0.296  1026.4458       9649    161.979 0.0000e+00
    162.000    15.4570  43.282206    34.8577 7.3270e-01    6.94120    9.91966      0.278  1026.4821       9670    162.985 0.0000e+00
    163.000    15.3748  43.207743    34.8630 7.3790e-01    6.95022    9.93256      0.262  1026.5091       9688    163.992 0.0000e+00
    164.000    15.2877  43.130011    34.8697 7.4289e-01    6.96183    9.94915      0.245  1026.5384       9707    164.998 0.0000e+00
    165.000    15.1412  42.996529    34.8786 7.4521e-01    6.98291    9.97928      0.221  1026.5825       9732    166.005 0.0000e+00
    166.000    15.0291  42.897851    34.8885 7.4844e-01    6.99615    9.99820      0.200  1026.6196       9763    167.011 0.0000e+00
    167.000    14.9711  42.845707    34.8924 7.5474e-01    7.00384   10.00919      0.185  1026.6399       9792    168.018 0.0000e+00
    168.000    14.8567  42.739842    34.8977 7.6984e-01    7.01961   10.03172      0.172  1026.6738       9816    169.024 0.0000e+00
    169.000    14.8227  42.709626    34.9001 7.4842e-01    7.02578   10.04054      0.165  1026.6876       9835    170.031 0.0000e+00
    170.000    14.7767  42.663647    34.8989 7.4139e-01    7.03396   10.05223      0.161  1026.7012       9853    171.037 0.0000e+00
    171.000    14.6986  42.592981    34.9038 7.5529e-01    7.04659   10.07028      0.159  1026.7267       9871    172.044 0.0000e+00
    172.000    14.5956  42.502548    34.9129 7.5297e-01    7.05866   10.08753      0.166  1026.7607       9904    173.050 0.0000e+00
    173.000    14.5533  42.464949    34.9159 7.6777e-01    7.06394   10.09508      0.181  1026.7767       9942    174.057 0.0000e+00
    174.000    14.5135  42.428414    34.9177 7.6569e-01    7.07042   10.10433      0.187  1026.7912       9962    175.063 0.0000e+00
    175.000    14.4523  42.375420    34.9236 7.6564e-01    7.07744   10.11436      0.189  1026.8136       9979    176.070 0.0000e+00
    176.000    14.4164  42.342819    34.9255 7.6072e-01    7.08010   10.11817      0.190  1026.8273       9995    177.076 0.0000e+00
    177.000    14.3820  42.311642    34.9274 7.5838e-01    7.08367   10.12327      0.183  1026.8406      10019    178.083 0.0000e+00
    178.000    14.3630  42.292817    34.9267 7.7440e-01    7.08861   10.13034      0.168  1026.8487      10053    179.090 0.0000e+00
    179.000    14.3318  42.263782    34.9277 7.6744e-01    7.09196   10.13512      0.155  1026.8607      10078    180.096 0.0000e+00
    180.000    14.3042  42.238009    34.9283 7.6515e-01    7.09590   10.14076      0.146  1026.8716      10100    181.103 0.0000e+00
    181.000    14.1973  42.139977    34.9338 7.6811e-01    7.11048   10.16159      0.136  1026.9034      10121    182.109 0.0000e+00
    182.000    14.1314  42.085220    34.9422 7.6051e-01    7.11505   10.16811      0.127  1026.9285      10143    183.116 0.0000e+00
    183.000    14.1026  42.060364    34.9449 7.5748e-01    7.11935   10.17427      0.115  1026.9411      10168    184.122 0.0000e+00
    184.000    14.0655  42.029055    34.9489 7.7371e-01    7.12798   10.18660      0.099  1026.9567      10193    185.129 0.0000e+00
    185.000    14.0371  42.006028    34.9528 7.6928e-01    7.13716   10.19971      0.095  1026.9702      10216    186.136 0.0000e+00
    186.000    13.9842  41.958148    34.9559 7.5831e-01    7.14650   10.21306      0.101  1026.9884      10239    187.142 0.0000e+00
    187.000    13.8312  41.820323    34.9660 7.5239e-01    7.16632   10.24139      0.115  1027.0332      10264    188.149 0.0000e+00
    188.000    13.7348  41.737008    34.9755 7.6331e-01    7.17392   10.25224      0.130  1027.0654      10287    189.155 0.0000e+00
    189.000    13.6487  41.660727    34.9822 7.7151e-01    7.18443   10.26727      0.140  1027.0931      10308    190.162 0.0000e+00
    190.000    13.5752  41.595704    34.9879 7.6672e-01    7.19472   10.28198      0.144  1027.1174      10329    191.168 0.0000e+00
    191.000    13.5180  41.543772    34.9910 7.6052e-01    7.20244   10.29301      0.145  1027.1363      10357    192.175 0.0000e+00
    192.000    13.4694  41.498407    34.9923 7.6266e-01    7.20998   10.30378      0.144  1027.1519      10391    193.182 0.0000e+00
    193.000    13.4315  41.462800    34.9930 7.7286e-01    7.21372   10.30913      0.138  1027.1649      10414    194.188 0.0000e+00
    194.000    13.4048  41.438605    34.9943 7.5956e-01    7.21730   10.31424      0.134  1027.1759      10431    195.195 0.0000e+00
    195.000    13.3750  41.411201    34.9953 7.5500e-01    7.22210   10.32111      0.128  1027.1873      10448    196.201 0.0000e+00
    196.000    13.3408  41.378742    34.9956 7.5873e-01    7.22587   10.32650      0.119  1027.1992      10469    197.208 0.0000e+00
    197.000    13.3058  41.347335    34.9976 7.5755e-01    7.22980   10.33211      0.101  1027.2125      10505    198.215 0.0000e+00
    198.000    13.3032  41.343125    34.9956 7.6992e-01    7.23150   10.33454      0.082  1027.2159      10542    199.222 0.0000e+00
    199.000    13.2772  41.319472    34.9967 7.6343e-01    7.23626   10.34134      0.075  1027.2266      10562    200.228 0.0000e+00
    200.000    13.2642  41.308656    34.9980 7.7041e-01    7.23785   10.34361      0.072  1027.2348      10579    201.235 0.0000e+00
    201.000    13.2543  41.299338    34.9978 7.6926e-01    7.23914   10.34546      0.068  1027.2412      10596    202.242 0.0000e+00
    202.000    13.2347  41.280756    34.9979 7.5733e-01    7.24146   10.34877      0.064  1027.2498      10618    203.248 0.0000e+00
    203.000    13.2018  41.250356    34.9989 7.4877e-01    7.24625   10.35562      0.057  1027.2618      10653    204.255 0.0000e+00
    204.000    13.1697  41.222205    35.0013 7.6555e-01    7.25091   10.36228      0.052  1027.2748      10681    205.261 0.0000e+00
    205.000    13.1363  41.190982    35.0020 7.5823e-01    7.25547   10.36880      0.046  1027.2867      10702    206.268 0.0000e+00
    206.000    13.0451  41.106097    35.0050 7.5644e-01    7.26926   10.38850      0.040  1027.3122      10720    207.275 0.0000e+00
    207.000    12.9727  41.040591    35.0090 7.5303e-01    7.27799   10.40098      0.035  1027.3346      10744    208.281 0.0000e+00
    208.000    12.8859  40.961225    35.0131 7.6895e-01    7.28938   10.41726      0.032  1027.3600      10777    209.288 0.0000e+00
    209.000    12.8489  40.928346    35.0155 7.5104e-01    7.29633   10.42718      0.031  1027.3738      10803    210.295 0.0000e+00
    210.000    12.8421  40.922751    35.0160 7.6920e-01    7.29693   10.42805      0.031  1027.3801      10821    211.301 0.0000e+00
    211.000    12.8394  40.920063    35.0155 7.6085e-01    7.29627   10.42709      0.030  1027.3847      10839    212.309 0.0000e+00
    212.000    12.8369  40.917253    35.0147 7.6935e-01    7.29866   10.43052      0.028  1027.3891      10858    213.315 0.0000e+00
    213.000    12.8334  40.913492    35.0139 7.7665e-01    7.30103   10.43390      0.025  1027.3937      10893    214.322 0.0000e+00
    214.000    12.8264  40.906799    35.0136 7.6936e-01    7.30246   10.43594      0.022  1027.3993      10926    215.329 0.0000e+00
    215.000    12.8064  40.889099    35.0147 7.6779e-01    7.30602   10.44103      0.022  1027.4087      10946    216.335 0.0000e+00
    216.000    12.7701  40.857505    35.0177 7.6128e-01    7.31090   10.44801      0.022  1027.4229      10965    217.342 0.0000e+00
    217.000    12.7420  40.832972    35.0198 7.6496e-01    7.31488   10.45370      0.022  1027.4347      10984    218.349 0.0000e+00
    218.000    12.7064  40.800969    35.0218 7.7001e-01    7.32051   10.46175      0.024  1027.4479      11008    219.355 0.0000e+00
    219.000    12.6683  40.767004    35.0241 7.7055e-01    7.32560   10.46901      0.027  1027.4619      11037    220.363 0.0000e+00
    220.000    12.6565  40.755877    35.0239 7.5783e-01    7.32713   10.47120      0.030  1027.4686      11063    221.369 0.0000e+00
    221.000    12.6308  40.732738    35.0251 7.5320e-01    7.33082   10.47647      0.030  1027.4792      11086    222.376 0.0000e+00
    222.000    12.6050  40.713570    35.0302 7.5846e-01    7.33750   10.48603      0.029  1027.4928      11106    223.382 0.0000e+00
    223.000    12.6002  40.709180    35.0301 7.6804e-01    7.33904   10.48823      0.028  1027.4982      11125    224.390 0.0000e+00
    224.000    12.5865  40.697337    35.0310 7.7279e-01    7.34130   10.49145      0.030  1027.5061      11145    225.396 0.0000e+00
    225.000    12.5705  40.682873    35.0316 7.6340e-01    7.34330   10.49431      0.039  1027.5143      11175    226.403 0.0000e+00
    226.000    12.5513  40.665501    35.0322 7.6548e-01    7.34533   10.49722      0.048  1027.5231      11211    227.409 0.0000e+00
    227.000    12.5299  40.646991    35.0339 7.4554e-01    7.34960   10.50331      0.049  1027.5332      11234    228.417 0.0000e+00
    228.000    12.5035  40.621763    35.0337 7.7198e-01    7.35457   10.51041      0.047  1027.5428      11251    229.423 0.0000e+00
    229.000    12.4370  40.562349    35.0380 7.7043e-01    7.36074   10.51923      0.045  1027.5639      11271    230.430 0.0000e+00
    230.000    12.4159  40.543026    35.0385 7.7298e-01    7.36410   10.52404      0.044  1027.5730      11296    231.437 0.0000e+00
    231.000    12.4105  40.538205    35.0385 7.6879e-01    7.36547   10.52599      0.044  1027.5786      11324    232.444 0.0000e+00
    232.000    12.4094  40.539535    35.0403 7.6232e-01    7.36813   10.52979      0.038  1027.5847      11350    233.450 0.0000e+00
    233.000    12.4091  40.541597    35.0422 7.7626e-01    7.37124   10.53424      0.036  1027.5907      11373    234.457 0.0000e+00
    234.000    12.3927  40.527301    35.0433 7.7473e-01    7.37665   10.54198      0.036  1027.5993      11393    235.464 0.0000e+00
    235.000    12.3384  40.478931    35.0467 7.7250e-01    7.38447   10.55314      0.040  1027.6173      11413    236.471 0.0000e+00
    236.000    12.3115  40.456286    35.0495 7.7965e-01    7.38556   10.55470      0.049  1027.6293      11432    237.478 0.0000e+00
    237.000    12.3047  40.449657    35.0491 7.7158e-01    7.38514   10.55411      0.061  1027.6348      11456    238.485 0.0000e+00
    238.000    12.2933  40.438852    35.0487 7.7424e-01    7.38839   10.55875      0.070  1027.6413      11492    239.491 0.0000e+00
    239.000    12.2698  40.417159    35.0493 7.7803e-01    7.39182   10.56365      0.071  1027.6509      11525    240.499 0.0000e+00
    240.000    12.2578  40.406097    35.0494 7.6900e-01    7.39452   10.56751      0.069  1027.6578      11545    241.505 0.0000e+00
