s1107_D3_u1ave.cnv
* Sea-Bird SBE 9 Data File:
* FileName = C:\Documents and Settings\LAB\Desktop\Cr.107-3_2018\s1107_D3_u1.dat
* Software Version Seasave Win32 V 5.39c
* Temperature SN = 4376
* Conductivity SN = 2830
* Number of Bytes Per Scan = 24
* Number of Voltage Words = 4
* Number of Scans Averaged by the Deck Unit = 1
** Ship:       M.V. SEAFDEC
** Cruise:     107-3/2018
** Station:    D3_1
** Latitude:   09_35_588
** Longitude:  96_05_490
# nquan = 12
# nvalues = 756                         
# units = specified
# name 0 = depSM: Depth [salt water, m]
# name 1 = t090C: Temperature [ITS-90, deg C]
# name 2 = c0mS/cm: Conductivity [mS/cm]
# name 3 = sal00: Salinity, Practical [PSU]
# name 4 = flSP: Fluorescence, Seapoint
# name 5 = sbeox0ML/L: Oxygen, SBE 43 [ml/l]
# name 6 = sbeox0Mg/L: Oxygen, SBE 43 [mg/l]
# name 7 = ph: pH
# name 8 = density00: Density [density, Kg/m^3]
# name 9 = scan: Scan Count
# name 10 = prDM: Pressure, Digiquartz [db]
# name 11 = flag: flag
# span 0 =      1.000,    755.000       
# span 1 =     7.8874,    28.8985       
# span 2 =  36.413432,  54.491042       
# span 3 =    32.6080,    35.0237       
# span 4 = 4.3886e-01, 8.1246e-01       
# span 5 =    5.69276,    8.64708       
# span 6 =    8.13552,   12.35754       
# span 7 =     -0.178,      7.126       
# span 8 =  1020.3497,  1030.7092       
# span 9 =       -152,      23479       
# span 10 =      1.006,    760.684      
# span 11 = 0.0000e+00, 0.0000e+00      
# interval = meters: 1                  
# start_time = Dec 14 2018 15:25:00
# bad_flag = -9.990e-29
*END*
    754.000     7.8874  36.413817    34.9656 5.3814e-01    8.63599   12.34170      0.229  1030.7062       -152    759.676 0.0000e+00
    755.000     7.8888  36.413997    34.9639 4.9555e-01    8.64708   12.35754      0.237  1030.7092        435    760.684 0.0000e+00
    754.000     7.8890  36.414181    34.9644 5.0822e-01    8.64543   12.35518      0.233  1030.7050        220    759.675 0.0000e+00
    753.000     7.8887  36.413432    34.9643 5.1660e-01    8.64285   12.35150      0.233  1030.7004        311    758.666 0.0000e+00
    752.000     7.8915  36.415261    34.9640 6.9833e-01    8.64144   12.34949      0.233  1030.6951        570    757.657 0.0000e+00
    751.000     7.8933  36.416421    34.9640 7.5986e-01    8.63843   12.34518      0.234  1030.6903        630    756.647 0.0000e+00
    750.000     7.8959  36.418421    34.9640 6.2488e-01    8.63840   12.34513      0.234  1030.6854        657    755.638 0.0000e+00
    749.000     7.9047  36.425755    34.9635 8.1246e-01    8.63493   12.34017      0.232  1030.6790       1035    754.629 0.0000e+00
    748.000     7.9072  36.427757    34.9637 7.8480e-01    8.63290   12.33728      0.231  1030.6742       1097    753.619 0.0000e+00
    747.000     7.9166  36.436072    34.9637 7.8220e-01    8.63190   12.33585      0.232  1030.6681       1119    752.610 0.0000e+00
    746.000     7.9287  36.446817    34.9636 5.7277e-01    8.62570   12.32699      0.232  1030.6615       1152    751.601 0.0000e+00
    745.000     7.9360  36.453253    34.9638 5.1206e-01    8.62374   12.32419      0.231  1030.6559       1190    750.591 0.0000e+00
    744.000     7.9420  36.458699    34.9641 5.7462e-01    8.62340   12.32370      0.232  1030.6506       1209    749.582 0.0000e+00
    743.000     7.9506  36.466521    34.9644 6.9689e-01    8.61969   12.31840      0.230  1030.6449       1223    748.573 0.0000e+00
    742.000     7.9529  36.467721    34.9639 6.2808e-01    8.61850   12.31670      0.231  1030.6396       1236    747.564 0.0000e+00
    741.000     7.9527  36.467001    34.9638 5.2151e-01    8.61587   12.31293      0.229  1030.6350       1250    746.554 0.0000e+00
    740.000     7.9523  36.466293    34.9639 5.2897e-01    8.61361   12.30971      0.226  1030.6306       1269    745.545 0.0000e+00
    739.000     7.9525  36.466027    34.9638 5.4019e-01    8.61586   12.31293      0.225  1030.6260       1305    744.536 0.0000e+00
    738.000     7.9530  36.466181    34.9641 6.3041e-01    8.61243   12.30802      0.223  1030.6216       1332    743.526 0.0000e+00
    737.000     7.9533  36.465976    34.9640 6.0227e-01    8.61053   12.30531      0.222  1030.6169       1349    742.517 0.0000e+00
    736.000     7.9620  36.474603    34.9650 5.5156e-01    8.60742   12.30087      0.222  1030.6117       1365    741.508 0.0000e+00
    735.000     7.9713  36.482043    34.9642 5.4235e-01    8.60350   12.29527      0.221  1030.6050       1382    740.498 0.0000e+00
    734.000     7.9775  36.487835    34.9647 5.3901e-01    8.60438   12.29652      0.222  1030.5998       1410    739.489 0.0000e+00
    733.000     7.9964  36.505676    34.9654 5.3109e-01    8.59867   12.28836      0.223  1030.5928       1439    738.480 0.0000e+00
    732.000     8.0115  36.519042    34.9652 5.3047e-01    8.59357   12.28106      0.223  1030.5856       1458    737.471 0.0000e+00
    731.000     8.0203  36.526959    34.9653 5.2587e-01    8.59100   12.27739      0.223  1030.5796       1476    736.461 0.0000e+00
    730.000     8.0291  36.534635    34.9653 5.2261e-01    8.58780   12.27283      0.222  1030.5736       1494    735.452 0.0000e+00
    729.000     8.0332  36.538023    34.9654 5.2079e-01    8.58529   12.26923      0.221  1030.5685       1516    734.443 0.0000e+00
    728.000     8.0359  36.540234    34.9655 5.1530e-01    8.58397   12.26735      0.219  1030.5636       1537    733.434 0.0000e+00
    727.000     8.0373  36.541165    34.9656 5.1969e-01    8.58572   12.26985      0.218  1030.5589       1557    732.424 0.0000e+00
    726.000     8.0404  36.543901    34.9658 5.1661e-01    8.58450   12.26811      0.214  1030.5540       1577    731.415 0.0000e+00
    725.000     8.0469  36.549643    34.9660 6.5966e-01    8.57854   12.25959      0.213  1030.5485       1599    730.406 0.0000e+00
    724.000     8.0618  36.564040    34.9671 5.2537e-01    8.57407   12.25320      0.213  1030.5424       1626    729.397 0.0000e+00
    723.000     8.1010  36.601062    34.9681 5.8750e-01    8.56304   12.23744      0.214  1030.5321       1649    728.387 0.0000e+00
    722.000     8.1212  36.619294    34.9680 5.1264e-01    8.55875   12.23130      0.213  1030.5242       1668    727.378 0.0000e+00
    721.000     8.1393  36.636098    34.9685 5.1148e-01    8.55641   12.22797      0.212  1030.5169       1684    726.369 0.0000e+00
    720.000     8.1503  36.646309    34.9689 5.2027e-01    8.55385   12.22430      0.212  1030.5109       1702    725.360 0.0000e+00
    719.000     8.1632  36.658183    34.9693 5.7957e-01    8.54895   12.21730      0.210  1030.5045       1725    724.351 0.0000e+00
    718.000     8.1666  36.661108    34.9694 5.2404e-01    8.54780   12.21566      0.205  1030.4995       1755    723.342 0.0000e+00
    717.000     8.1638  36.658288    34.9697 5.2876e-01    8.54490   12.21151      0.202  1030.4957       1783    722.332 0.0000e+00
    716.000     8.1709  36.665607    34.9708 6.0215e-01    8.54413   12.21042      0.202  1030.4909       1804    721.323 0.0000e+00
    715.000     8.1787  36.672311    34.9708 6.2032e-01    8.54190   12.20722      0.200  1030.4850       1820    720.314 0.0000e+00
    714.000     8.1850  36.677972    34.9711 6.8815e-01    8.54010   12.20466      0.200  1030.4796       1836    719.305 0.0000e+00
    713.000     8.1931  36.685219    34.9712 6.4973e-01    8.53603   12.19884      0.199  1030.4738       1852    718.296 0.0000e+00
    712.000     8.1993  36.690507    34.9711 6.1168e-01    8.53388   12.19576      0.199  1030.4682       1875    717.286 0.0000e+00
    711.000     8.2037  36.694356    34.9714 5.5021e-01    8.53275   12.19415      0.199  1030.4631       1903    716.277 0.0000e+00
    710.000     8.2063  36.696631    34.9716 6.2304e-01    8.52998   12.19019      0.199  1030.4583       1929    715.268 0.0000e+00
    709.000     8.2098  36.699660    34.9718 6.2854e-01    8.52884   12.18856      0.199  1030.4534       1950    714.259 0.0000e+00
    708.000     8.2115  36.700725    34.9718 6.8018e-01    8.52559   12.18392      0.196  1030.4485       1968    713.250 0.0000e+00
    707.000     8.2138  36.702820    34.9722 5.2074e-01    8.52519   12.18335      0.198  1030.4440       1984    712.241 0.0000e+00
    706.000     8.2316  36.720081    34.9733 5.1348e-01    8.52184   12.17856      0.195  1030.4373       2002    711.232 0.0000e+00
    705.000     8.2590  36.744278    34.9724 5.2768e-01    8.51412   12.16753      0.196  1030.4275       2028    710.222 0.0000e+00
    704.000     8.2663  36.750873    34.9727 5.1015e-01    8.50943   12.16083      0.194  1030.4219       2066    709.213 0.0000e+00
    703.000     8.2886  36.773164    34.9748 5.0738e-01    8.50339   12.15220      0.192  1030.4153       2088    708.204 0.0000e+00
    702.000     8.3256  36.806253    34.9737 5.0968e-01    8.49793   12.14440      0.190  1030.4037       2104    707.195 0.0000e+00
    701.000     8.3345  36.813706    34.9734 5.0851e-01    8.49358   12.13818      0.188  1030.3974       2119    706.186 0.0000e+00
    700.000     8.3427  36.821317    34.9738 5.0900e-01    8.49143   12.13511      0.188  1030.3918       2134    705.177 0.0000e+00
    699.000     8.3532  36.830871    34.9740 5.0738e-01    8.48602   12.12737      0.185  1030.3856       2152    704.168 0.0000e+00
    698.000     8.3690  36.845345    34.9742 5.0435e-01    8.48260   12.12249      0.181  1030.3787       2172    703.159 0.0000e+00
    697.000     8.3753  36.850766    34.9742 5.1336e-01    8.47915   12.11755      0.175  1030.3730       2199    702.150 0.0000e+00
    696.000     8.3853  36.860347    34.9749 6.0613e-01    8.47728   12.11489      0.171  1030.3674       2232    701.141 0.0000e+00
    695.000     8.3985  36.872787    34.9755 5.2290e-01    8.47484   12.11140      0.166  1030.3611       2255    700.131 0.0000e+00
    694.000     8.4195  36.892312    34.9760 5.5668e-01    8.46613   12.09894      0.164  1030.3534       2273    699.122 0.0000e+00
    693.000     8.4390  36.909739    34.9755 5.3764e-01    8.46214   12.09324      0.162  1030.3452       2290    698.113 0.0000e+00
    692.000     8.4436  36.913241    34.9752 6.3055e-01    8.46364   12.09538      0.159  1030.3396       2308    697.104 0.0000e+00
    691.000     8.4460  36.915255    34.9754 5.3751e-01    8.45876   12.08842      0.157  1030.3348       2331    696.095 0.0000e+00
    690.000     8.4481  36.917022    34.9757 6.4710e-01    8.45758   12.08673      0.153  1030.3302       2361    695.086 0.0000e+00
    689.000     8.4497  36.918251    34.9759 5.4599e-01    8.45492   12.08292      0.151  1030.3255       2386    694.077 0.0000e+00
    688.000     8.4505  36.918704    34.9760 5.9069e-01    8.45417   12.08185      0.148  1030.3210       2406    693.068 0.0000e+00
    687.000     8.4513  36.919238    34.9763 5.5658e-01    8.45658   12.08529      0.146  1030.3165       2422    692.059 0.0000e+00
    686.000     8.4603  36.927580    34.9767 6.0497e-01    8.45173   12.07837      0.144  1030.3108       2438    691.050 0.0000e+00
    685.000     8.4665  36.932721    34.9765 7.7882e-01    8.44766   12.07254      0.143  1030.3051       2456    690.041 0.0000e+00
    684.000     8.4758  36.940890    34.9764 7.1163e-01    8.44553   12.06950      0.142  1030.2989       2483    689.032 0.0000e+00
    683.000     8.4813  36.945886    34.9767 7.8138e-01    8.44280   12.06561      0.140  1030.2937       2516    688.023 0.0000e+00
    682.000     8.4915  36.955495    34.9773 7.6988e-01    8.44047   12.06227      0.141  1030.2879       2539    687.014 0.0000e+00
    681.000     8.5003  36.963000    34.9770 5.0045e-01    8.43855   12.05953      0.138  1030.2816       2555    686.005 0.0000e+00
    680.000     8.5065  36.968936    34.9776 5.0261e-01    8.43529   12.05488      0.137  1030.2765       2570    684.996 0.0000e+00
    679.000     8.5126  36.973824    34.9772 6.7720e-01    8.43201   12.05019      0.137  1030.2706       2584    683.987 0.0000e+00
    678.000     8.5167  36.977200    34.9772 6.9862e-01    8.43183   12.04992      0.136  1030.2654       2602    682.978 0.0000e+00
    677.000     8.5220  36.981959    34.9774 5.7564e-01    8.42775   12.04410      0.134  1030.2601       2635    681.969 0.0000e+00
    676.000     8.5230  36.982611    34.9776 5.0644e-01    8.42631   12.04204      0.132  1030.2556       2664    680.960 0.0000e+00
    675.000     8.5238  36.983042    34.9777 5.0740e-01    8.42547   12.04084      0.131  1030.2510       2683    679.951 0.0000e+00
    674.000     8.5267  36.985387    34.9778 5.0873e-01    8.42512   12.04035      0.131  1030.2460       2700    678.942 0.0000e+00
    673.000     8.5288  36.986991    34.9779 5.0554e-01    8.42378   12.03842      0.130  1030.2413       2717    677.933 0.0000e+00
    672.000     8.5325  36.990058    34.9779 5.0697e-01    8.42111   12.03461      0.129  1030.2361       2738    676.924 0.0000e+00
    671.000     8.5437  37.000547    34.9785 5.0727e-01    8.41739   12.02929      0.128  1030.2301       2759    675.915 0.0000e+00
    670.000     8.5658  37.020912    34.9786 5.0588e-01    8.41223   12.02191      0.128  1030.2219       2783    674.906 0.0000e+00
    669.000     8.5764  37.030411    34.9787 5.1061e-01    8.40987   12.01854      0.127  1030.2156       2805    673.897 0.0000e+00
    668.000     8.5846  37.037777    34.9788 5.0873e-01    8.40621   12.01332      0.126  1030.2098       2823    672.888 0.0000e+00
    667.000     8.5874  37.039742    34.9786 5.2844e-01    8.40487   12.01141      0.126  1030.2047       2839    671.879 0.0000e+00
    666.000     8.5889  37.041094    34.9791 5.0590e-01    8.40561   12.01246      0.124  1030.2002       2857    670.870 0.0000e+00
    665.000     8.6034  37.054838    34.9797 6.7135e-01    8.39904   12.00306      0.122  1030.1938       2882    669.861 0.0000e+00
    664.000     8.6201  37.069789    34.9795 7.8517e-01    8.39395   11.99579      0.120  1030.1862       2910    668.852 0.0000e+00
    663.000     8.6231  37.072454    34.9798 7.8208e-01    8.39546   11.99795      0.120  1030.1813       2932    667.843 0.0000e+00
    662.000     8.6268  37.075639    34.9799 5.9817e-01    8.39234   11.99350      0.118  1030.1763       2951    666.835 0.0000e+00
    661.000     8.6344  37.082442    34.9801 5.2590e-01    8.38759   11.98671      0.115  1030.1706       2971    665.826 0.0000e+00
    660.000     8.6390  37.086271    34.9801 5.7238e-01    8.38732   11.98632      0.116  1030.1653       2990    664.817 0.0000e+00
    659.000     8.6398  37.086612    34.9801 5.0671e-01    8.38559   11.98385      0.114  1030.1606       3010    663.808 0.0000e+00
    658.000     8.6435  37.090002    34.9805 5.0856e-01    8.38341   11.98074      0.112  1030.1558       3032    662.799 0.0000e+00
    657.000     8.6502  37.096063    34.9807 5.1064e-01    8.38323   11.98048      0.111  1030.1503       3055    661.790 0.0000e+00
    656.000     8.6591  37.104223    34.9810 5.2538e-01    8.38047   11.97653      0.111  1030.1445       3077    660.781 0.0000e+00
    655.000     8.6655  37.109686    34.9809 5.1388e-01    8.37654   11.97091      0.111  1030.1388       3097    659.772 0.0000e+00
    654.000     8.6705  37.114344    34.9814 6.3576e-01    8.37301   11.96586      0.108  1030.1338       3119    658.763 0.0000e+00
    653.000     8.6810  37.123697    34.9814 5.0132e-01    8.37095   11.96292      0.107  1030.1274       3143    657.754 0.0000e+00
    652.000     8.6875  37.129552    34.9816 5.1917e-01    8.37143   11.96361      0.105  1030.1219       3166    656.746 0.0000e+00
    651.000     8.6994  37.140613    34.9820 6.7262e-01    8.36591   11.95572      0.106  1030.1157       3184    655.737 0.0000e+00
    650.000     8.7056  37.146146    34.9822 7.7950e-01    8.36289   11.95141      0.105  1030.1103       3200    654.728 0.0000e+00
    649.000     8.7144  37.154032    34.9823 7.8141e-01    8.36108   11.94882      0.103  1030.1043       3216    653.719 0.0000e+00
    648.000     8.7217  37.160241    34.9821 5.6561e-01    8.35621   11.94186      0.104  1030.0984       3236    652.710 0.0000e+00
    647.000     8.7286  37.166594    34.9825 5.0758e-01    8.35666   11.94250      0.103  1030.0930       3263    651.701 0.0000e+00
    646.000     8.7342  37.171413    34.9824 5.3834e-01    8.35402   11.93873      0.100  1030.0875       3291    650.693 0.0000e+00
    645.000     8.7376  37.174486    34.9829 5.5905e-01    8.35045   11.93363      0.099  1030.0827       3316    649.684 0.0000e+00
    644.000     8.7486  37.184998    34.9835 5.4532e-01    8.34961   11.93243      0.098  1030.0768       3337    648.675 0.0000e+00
    643.000     8.7540  37.189348    34.9832 6.1838e-01    8.34568   11.92681      0.097  1030.0711       3354    647.666 0.0000e+00
    642.000     8.7691  37.204895    34.9852 6.3976e-01    8.34192   11.92144      0.096  1030.0655       3370    646.657 0.0000e+00
    641.000     8.7897  37.222182    34.9835 5.7803e-01    8.33836   11.91635      0.096  1030.0561       3391    645.648 0.0000e+00
    640.000     8.7946  37.226450    34.9837 5.0525e-01    8.33490   11.91141      0.094  1030.0510       3425    644.640 0.0000e+00
    639.000     8.7954  37.226973    34.9839 5.1010e-01    8.33159   11.90668      0.091  1030.0465       3447    643.631 0.0000e+00
    638.000     8.7976  37.228918    34.9843 5.2239e-01    8.33213   11.90745      0.089  1030.0418       3462    642.622 0.0000e+00
    637.000     8.8033  37.234582    34.9850 5.6009e-01    8.33147   11.90650      0.087  1030.0369       3476    641.613 0.0000e+00
