s1107_B4_u1ave.cnv
* Sea-Bird SBE 9 Data File:
* FileName = C:\Documents and Settings\LAB\Desktop\Cr.107-3_2018\s1107_B4_u1.dat
* Software Version Seasave Win32 V 5.39c
* Temperature SN = 4376
* Conductivity SN = 2830
* Number of Bytes Per Scan = 24
* Number of Voltage Words = 4
* Number of Scans Averaged by the Deck Unit = 1
** Ship:       M.V. SEAFDEC
** Cruise:     107-3/2018
** Station:    B4_1
** Latitude:   7_47_547
** Longitude:  96_48_341
# nquan = 12
# nvalues = 745                         
# units = specified
# name 0 = depSM: Depth [salt water, m]
# name 1 = t090C: Temperature [ITS-90, deg C]
# name 2 = c0mS/cm: Conductivity [mS/cm]
# name 3 = sal00: Salinity, Practical [PSU]
# name 4 = flSP: Fluorescence, Seapoint
# name 5 = sbeox0ML/L: Oxygen, SBE 43 [ml/l]
# name 6 = sbeox0Mg/L: Oxygen, SBE 43 [mg/l]
# name 7 = ph: pH
# name 8 = density00: Density [density, Kg/m^3]
# name 9 = scan: Scan Count
# name 10 = prDM: Pressure, Digiquartz [db]
# name 11 = flag: flag
# span 0 =      2.000,    746.000       
# span 1 =     7.7315,    28.9847       
# span 2 =  36.261911,  55.322162       
# span 3 =    33.2151,    35.0384       
# span 4 = 4.8535e-01, 7.9697e-01       
# span 5 =    5.68871,    8.64060       
# span 6 =    8.12973,   12.34828       
# span 7 =     -0.099,      7.103       
# span 8 =  1020.7521,  1030.6923       
# span 9 =         -8,      25556       
# span 10 =      2.011,    751.601      
# span 11 = 0.0000e+00, 0.0000e+00      
# interval = meters: 1                  
# start_time = Dec 13 2018 08:55:41
# bad_flag = -9.990e-29
*END*
[from data line 722]
     24.000    28.9555  54.654175    33.2168 7.1830e-01    5.69755    8.14237      7.083  1020.8441      24134     24.138 0.0000e+00
     23.000    28.9562  54.655243    33.2173 7.0270e-01    5.69738    8.14213      7.083  1020.8399      24173     23.132 0.0000e+00
     22.000    28.9567  54.656284    33.2179 6.5936e-01    5.69620    8.14044      7.068  1020.8359      24215     22.126 0.0000e+00
     21.000    28.9560  54.654543    33.2175 7.4759e-01    5.69618    8.14041      7.044  1020.8316      24237     21.120 0.0000e+00
     20.000    28.9554  54.653512    33.2175 7.6010e-01    5.69612    8.14033      7.033  1020.8274      24259     20.115 0.0000e+00
     19.000    28.9533  54.649669    33.2166 7.4067e-01    5.69558    8.13955      7.064  1020.8231      24286     19.109 0.0000e+00
     18.000    28.9523  54.648097    33.2165 6.9471e-01    5.69495    8.13865      7.078  1020.8191      24322     18.103 0.0000e+00
     17.000    28.9542  54.649272    33.2163 6.8705e-01    5.69484    8.13850      7.063  1020.8140      24364     17.097 0.0000e+00
     16.000    28.9543  54.649764    33.2168 7.5026e-01    5.69407    8.13740      7.068  1020.8100      24410     16.092 0.0000e+00
     15.000    28.9509  54.644152    33.2156 6.9010e-01    5.69445    8.13794      7.073  1020.8059      24436     15.086 0.0000e+00
     14.000    28.9512  54.644257    33.2158 7.2373e-01    5.69260    8.13530      7.085  1020.8016      24455     14.080 0.0000e+00
     13.000    28.9535  54.646927    33.2163 7.1678e-01    5.69253    8.13519      7.097  1020.7969      24476     13.074 0.0000e+00
     12.000    28.9511  54.642855    33.2154 7.5849e-01    5.69253    8.13520      7.084  1020.7928      24520     12.069 0.0000e+00
     11.000    28.9508  54.642090    33.2154 7.5449e-01    5.69217    8.13468      7.067  1020.7886      24570     11.063 0.0000e+00
     10.000    28.9504  54.641576    33.2156 7.5267e-01    5.69144    8.13363      7.061  1020.7845      24588     10.057 0.0000e+00
      9.000    28.9499  54.639857    33.2151 7.4980e-01    5.69094    8.13292      7.085  1020.7800      24606      9.051 0.0000e+00
      8.000    28.9492  54.638923    33.2152 7.4575e-01    5.69097    8.13297      7.096  1020.7760      24651      8.046 0.0000e+00
      7.000    28.9489  54.638148    33.2152 7.4706e-01    5.69075    8.13265      7.086  1020.7718      24698      7.040 0.0000e+00
      6.000    28.9494  54.642509    33.2181 7.5605e-01    5.69145    8.13366      7.096  1020.7695      25168      6.034 0.0000e+00
      5.000    28.9513  54.645726    33.2192 7.4027e-01    5.69109    8.13314      7.102  1020.7654      25366      5.028 0.0000e+00
      4.000    28.9523  54.646274    33.2192 7.3091e-01    5.69046    8.13224      7.081  1020.7607      25431      4.023 0.0000e+00
      3.000    28.9579  54.651664    33.2192 7.4231e-01    5.68871    8.12973      7.090  1020.7546      25507      3.017 0.0000e+00
      2.000    28.9526  54.645894    33.2193 7.2315e-01    5.68968    8.13112      7.103  1020.7521      25556      2.011 0.0000e+00
