s1107_B4_d1ave.cnv
* Sea-Bird SBE 9 Data File:
* FileName = C:\Documents and Settings\LAB\Desktop\Cr.107-3_2018\s1107_B4_d1.dat
* Software Version Seasave Win32 V 5.39c
* Temperature SN = 4376
* Conductivity SN = 2830
* Number of Bytes Per Scan = 24
* Number of Voltage Words = 4
* Number of Scans Averaged by the Deck Unit = 1
** Ship:       M.V. SEAFDEC
** Cruise:     107-3/2018
** Station:    B4_1
** Latitude:   7_47_547
** Longitude:  96_48_341
# nquan = 12
# nvalues = 754                         
# units = specified
# name 0 = depSM: Depth [salt water, m]
# name 1 = t090C: Temperature [ITS-90, deg C]
# name 2 = c0mS/cm: Conductivity [mS/cm]
# name 3 = sal00: Salinity, Practical [PSU]
# name 4 = flSP: Fluorescence, Seapoint
# name 5 = sbeox0ML/L: Oxygen, SBE 43 [ml/l]
# name 6 = sbeox0Mg/L: Oxygen, SBE 43 [mg/l]
# name 7 = ph: pH
# name 8 = density00: Density [density, Kg/m^3]
# name 9 = scan: Scan Count
# name 10 = prDM: Pressure, Digiquartz [db]
# name 11 = flag: flag
# span 0 =      1.000,    753.000       
# span 1 =     7.7227,    29.0283       
# span 2 =   6.864774,  55.834269       
# span 3 =     4.0301,    35.0704       
# span 4 = 1.9603e-01, 8.6012e-01       
# span 5 =    5.65590,    8.66196       
# span 6 =    8.08285,   12.37881       
# span 7 =     -0.103,      7.390       
# span 8 =   999.3894,  1030.7260       
# span 9 =        636,      24452       
# span 10 =      1.006,    758.666      
# span 11 = 0.0000e+00, 0.0000e+00      
# interval = meters: 1                  
# start_time = Dec 13 2018 08:38:17
# bad_flag = -9.990e-29
*END*
[from data line 722]
    723.000     7.8941  36.410083    34.9695 5.0642e-01    8.59552   12.28386      0.232  1030.5674      23518    728.388 0.0000e+00
    724.000     7.8758  36.393127    34.9691 5.0317e-01    8.59643   12.28516      0.235  1030.5747      23555    729.397 0.0000e+00
    725.000     7.8673  36.385571    34.9689 4.9857e-01    8.60055   12.29105      0.235  1030.5805      23576    730.406 0.0000e+00
    726.000     7.8560  36.375528    34.9690 4.9753e-01    8.60659   12.29968      0.237  1030.5868      23597    731.415 0.0000e+00
    727.000     7.8516  36.371686    34.9688 5.4734e-01    8.60727   12.30065      0.237  1030.5920      23620    732.424 0.0000e+00
    728.000     7.8343  36.355506    34.9682 5.6086e-01    8.61346   12.30949      0.239  1030.5989      23647    733.434 0.0000e+00
    729.000     7.8203  36.342670    34.9679 4.9999e-01    8.61524   12.31204      0.244  1030.6055      23678    734.443 0.0000e+00
    730.000     7.8135  36.336565    34.9677 5.5802e-01    8.61892   12.31729      0.248  1030.6110      23713    735.452 0.0000e+00
    731.000     7.8124  36.335663    34.9673 5.0914e-01    8.61746   12.31522      0.250  1030.6154      23741    736.461 0.0000e+00
    732.000     7.8114  36.335032    34.9671 6.3452e-01    8.62273   12.32274      0.251  1030.6199      23761    737.471 0.0000e+00
    733.000     7.8105  36.334582    34.9671 7.2101e-01    8.62344   12.32376      0.252  1030.6246      23778    738.480 0.0000e+00
    734.000     7.8090  36.333439    34.9669 5.5950e-01    8.62447   12.32524      0.253  1030.6293      23810    739.489 0.0000e+00
    735.000     7.8035  36.328248    34.9663 5.4988e-01    8.62532   12.32644      0.256  1030.6343      23867    740.498 0.0000e+00
    736.000     7.7821  36.308504    34.9659 5.0206e-01    8.63275   12.33706      0.255  1030.6420      23885    741.508 0.0000e+00
    737.000     7.7636  36.292016    34.9662 4.9921e-01    8.63674   12.34277      0.255  1030.6498      23903    742.517 0.0000e+00
    738.000     7.7539  36.282937    34.9656 4.9832e-01    8.63971   12.34700      0.255  1030.6555      23921    743.526 0.0000e+00
    739.000     7.7460  36.275882    34.9654 5.0105e-01    8.64253   12.35105      0.255  1030.6611      23949    744.536 0.0000e+00
    740.000     7.7449  36.274885    34.9650 5.6860e-01    8.64446   12.35380      0.257  1030.6655      23991    745.545 0.0000e+00
    741.000     7.7440  36.274173    34.9647 4.9861e-01    8.64416   12.35337      0.259  1030.6699      24020    746.554 0.0000e+00
    742.000     7.7422  36.272727    34.9645 5.0230e-01    8.64641   12.35659      0.261  1030.6746      24043    747.563 0.0000e+00
    743.000     7.7406  36.271659    34.9644 5.0497e-01    8.64973   12.36134      0.261  1030.6794      24064    748.573 0.0000e+00
    744.000     7.7395  36.270934    34.9643 5.1830e-01    8.64858   12.35969      0.263  1030.6840      24089    749.582 0.0000e+00
    745.000     7.7362  36.268048    34.9640 5.6530e-01    8.65160   12.36400      0.264  1030.6889      24126    750.592 0.0000e+00
    746.000     7.7347  36.266829    34.9637 4.9749e-01    8.65368   12.36697      0.265  1030.6934      24159    751.600 0.0000e+00
    747.000     7.7339  36.266475    34.9636 6.8512e-01    8.65340   12.36657      0.264  1030.6980      24183    752.610 0.0000e+00
    748.000     7.7301  36.263211    34.9634 6.7740e-01    8.65551   12.36958      0.265  1030.7030      24205    753.620 0.0000e+00
    749.000     7.7274  36.261088    34.9633 5.1198e-01    8.65783   12.37290      0.264  1030.7079      24227    754.629 0.0000e+00
    750.000     7.7266  36.260599    34.9632 4.9849e-01    8.66026   12.37638      0.264  1030.7125      24250    755.638 0.0000e+00
    751.000     7.7256  36.260045    34.9631 5.0223e-01    8.66028   12.37641      0.264  1030.7172      24282    756.647 0.0000e+00
    752.000     7.7248  36.259554    34.9629 5.0368e-01    8.66147   12.37810      0.263  1030.7217      24329    757.657 0.0000e+00
    753.000     7.7227  36.257483    34.9623 4.9489e-01    8.65729   12.37213      0.262  1030.7260      24452    758.666 0.0000e+00
    752.000     7.7253  36.259647    34.9625 5.3096e-01    8.66196   12.37881      0.263  1030.7212      24451    757.657 0.0000e+00
