obs/s1107_D3_d1ave.cnv
* Sea-Bird SBE 9 Data File:
* FileName = C:\Documents and Settings\LAB\Desktop\Cr.107-3_2018\s1107_D3_d1.dat
* Software Version Seasave Win32 V 5.39c
* Temperature SN = 4376
* Conductivity SN = 2830
* Number of Bytes Per Scan = 24
* Number of Voltage Words = 4
* Number of Scans Averaged by the Deck Unit = 1
** Ship:       M.V. SEAFDEC
** Cruise:     107-3/2018
** Station:    D3_1
** Latitude:   09_35_588
** Longitude:  96_05_490
# nquan = 12
# nvalues = 756                         
# units = specified
# name 0 = depSM: Depth [salt water, m]
# name 1 = t090C: Temperature [ITS-90, deg C]
# name 2 = c0mS/cm: Conductivity [mS/cm]
# name 3 = sal00: Salinity, Practical [PSU]
# name 4 = flSP: Fluorescence, Seapoint
# name 5 = sbeox0ML/L: Oxygen, SBE 43 [ml/l]
# name 6 = sbeox0Mg/L: Oxygen, SBE 43 [mg/l]
# name 7 = ph: pH
# name 8 = density00: Density [density, Kg/m^3]
# name 9 = scan: Scan Count
# name 10 = prDM: Pressure, Digiquartz [db]
# name 11 = flag: flag
# span 0 =      1.000,    755.000       
# span 1 =     7.8856,    29.2640       
# span 2 =   9.583530,  56.408659       
# span 3 =     7.1265,    35.0503       
# span 4 = 1.9498e-01, 7.8975e-01       
# span 5 =    3.17082,    8.65429       
# span 6 =    4.53142,   12.36785       
# span 7 =     -0.174,      7.185       
# span 8 =  1002.3556,  1030.7119       
# span 9 =        727,      20009       
# span 10 =      1.006,    760.684      
# span 11 = 0.0000e+00, 0.0000e+00      
# interval = meters: 1                  
# start_time = Dec 14 2018 15:10:42
# bad_flag = -9.990e-29
*END*
[from data line 121]
    122.000    18.5364  46.132180    34.6968 7.6034e-01    6.57464    9.39582      0.949  1025.4445       6585    122.730 0.0000e+00
    123.000    18.4430  46.048975    34.7050 7.3010e-01    6.57771    9.40021      0.892  1025.4787       6602    123.736 0.0000e+00
    124.000    18.4126  46.017739    34.7039 7.1687e-01    6.58263    9.40724      0.822  1025.4899       6620    124.742 0.0000e+00
    125.000    18.3749  45.982908    34.7059 6.4983e-01    6.58959    9.41719      0.746  1025.5054       6638    125.749 0.0000e+00
    126.000    18.3078  45.921319    34.7101 6.6486e-01    6.59827    9.42959      0.681  1025.5298       6657    126.755 0.0000e+00
    127.000    18.2600  45.874820    34.7107 7.6347e-01    6.60231    9.43536      0.633  1025.5467       6674    127.761 0.0000e+00
    128.000    18.2515  45.864045    34.7084 7.1078e-01    6.60492    9.43909      0.588  1025.5514       6692    128.768 0.0000e+00
    129.000    18.2449  45.856136    34.7070 7.4880e-01    6.61002    9.44638      0.545  1025.5564       6713    129.774 0.0000e+00
    130.000    18.2222  45.833122    34.7062 7.6032e-01    6.61378    9.45175      0.510  1025.5659       6737    130.780 0.0000e+00
    131.000    18.1465  45.761358    34.7090 7.6889e-01    6.62269    9.46448      0.493  1025.5913       6758    131.787 0.0000e+00
    132.000    18.0886  45.710086    34.7141 7.6688e-01    6.62890    9.47336      0.482  1025.6141       6775    132.793 0.0000e+00
    133.000    18.0645  45.687603    34.7151 7.5852e-01    6.63069    9.47592      0.473  1025.6252       6791    133.799 0.0000e+00
    134.000    18.0438  45.667304    34.7150 7.6761e-01    6.63366    9.48016      0.463  1025.6346       6808    134.806 0.0000e+00
    135.000    18.0163  45.640944    34.7155 7.6748e-01    6.63765    9.48586      0.452  1025.6463       6828    135.812 0.0000e+00
    136.000    17.9070  45.535200    34.7178 7.6439e-01    6.65139    9.50551      0.440  1025.6795       6850    136.818 0.0000e+00
    137.000    17.7383  45.380548    34.7287 7.6474e-01    6.66905    9.53073      0.428  1025.7339       6870    137.825 0.0000e+00
    138.000    17.5259  45.185543    34.7422 7.6125e-01    6.69122    9.56243      0.414  1025.8006       6887    138.831 0.0000e+00
    139.000    17.4801  45.148365    34.7491 7.6770e-01    6.69452    9.56714      0.405  1025.8215       6904    139.837 0.0000e+00
    140.000    17.4423  45.108959    34.7471 7.6640e-01    6.69994    9.57488      0.391  1025.8336       6921    140.844 0.0000e+00
    141.000    17.2742  44.946766    34.7508 7.6788e-01    6.72384    9.60905      0.375  1025.8815       6939    141.850 0.0000e+00
    142.000    16.9879  44.690985    34.7749 7.6552e-01    6.75450    9.65286      0.359  1025.9734       6958    142.857 0.0000e+00
    143.000    16.8897  44.605871    34.7851 7.3553e-01    6.75913    9.65947      0.348  1026.0091       6978    143.863 0.0000e+00
    144.000    16.8488  44.566705    34.7859 7.2862e-01    6.76802    9.67217      0.330  1026.0239       7001    144.869 0.0000e+00
    145.000    16.8337  44.550707    34.7847 7.3367e-01    6.77328    9.67970      0.310  1026.0310       7024    145.876 0.0000e+00
    146.000    16.8244  44.540707    34.7836 6.9230e-01    6.77567    9.68311      0.298  1026.0368       7046    146.882 0.0000e+00
    147.000    16.8053  44.522459    34.7838 6.6883e-01    6.77947    9.68854      0.290  1026.0459       7064    147.888 0.0000e+00
    148.000    16.6607  44.381876    34.7856 6.6129e-01    6.79941    9.71703      0.282  1026.0860       7080    148.895 0.0000e+00
    149.000    16.5041  44.247041    34.8028 6.5236e-01    6.81508    9.73943      0.274  1026.1405       7096    149.901 0.0000e+00
    150.000    16.3326  44.091329    34.8146 6.5864e-01    6.83250    9.76433      0.264  1026.1943       7112    150.908 0.0000e+00
    151.000    16.2542  44.021633    34.8210 6.5598e-01    6.83937    9.77415      0.254  1026.2220       7130    151.914 0.0000e+00
    152.000    16.1240  43.902803    34.8292 6.6153e-01    6.85740    9.79991      0.235  1026.2630       7157    152.921 0.0000e+00
    153.000    15.9999  43.782465    34.8307 7.2619e-01    6.87433    9.82411      0.218  1026.2973       7180    153.927 0.0000e+00
    154.000    15.8810  43.675362    34.8392 7.6991e-01    6.88672    9.84181      0.210  1026.3356       7198    154.934 0.0000e+00
    155.000    15.7748  43.579923    34.8470 7.6856e-01    6.89823    9.85826      0.200  1026.3704       7215    155.940 0.0000e+00
    156.000    15.7134  43.524558    34.8513 7.7098e-01    6.90629    9.86978      0.187  1026.3922       7235    156.946 0.0000e+00
    157.000    15.6608  43.475215    34.8531 7.6986e-01    6.91380    9.88051      0.171  1026.4100       7255    157.953 0.0000e+00
    158.000    15.6337  43.450350    34.8542 7.6852e-01    6.91771    9.88610      0.158  1026.4215       7273    158.959 0.0000e+00
    159.000    15.6227  43.439640    34.8540 7.7005e-01    6.92185    9.89202      0.146  1026.4283       7289    159.966 0.0000e+00
    160.000    15.6113  43.428259    34.8534 7.7051e-01    6.92464    9.89600      0.137  1026.4348       7306    160.972 0.0000e+00
    161.000    15.5943  43.411344    34.8528 7.7360e-01    6.92783    9.90056      0.129  1026.4427       7328    161.979 0.0000e+00
    162.000    15.5481  43.367155    34.8536 7.6951e-01    6.93390    9.90924      0.119  1026.4582       7356    162.985 0.0000e+00
    163.000    15.4770  43.303141    34.8585 7.6707e-01    6.94307    9.92234      0.113  1026.4826       7376    163.992 0.0000e+00
    164.000    15.4176  43.250559    34.8633 7.6997e-01    6.94943    9.93143      0.111  1026.5042       7392    164.998 0.0000e+00
    165.000    15.3435  43.181771    34.8665 7.6924e-01    6.95720    9.94254      0.106  1026.5278       7409    166.004 0.0000e+00
    166.000    15.1954  43.047795    34.8765 7.5527e-01    6.97681    9.97056      0.097  1026.5732       7431    167.011 0.0000e+00
    167.000    15.0096  42.883971    34.8929 7.7074e-01    6.99796   10.00078      0.088  1026.6318       7457    168.018 0.0000e+00
    168.000    14.9746  42.852870    34.8954 7.6921e-01    7.00019   10.00397      0.079  1026.6459       7479    169.024 0.0000e+00
    169.000    14.9585  42.836202    34.8942 7.7159e-01    7.00355   10.00877      0.070  1026.6530       7496    170.031 0.0000e+00
    170.000    14.8308  42.712326    34.8950 7.6780e-01    7.02342   10.03717      0.061  1026.6863       7512    171.037 0.0000e+00
    171.000    14.6055  42.514889    34.9157 7.6924e-01    7.05211   10.07818      0.049  1026.7562       7528    172.044 0.0000e+00
    172.000    14.5279  42.446682    34.9224 7.6992e-01    7.05725   10.08551      0.042  1026.7828       7545    173.050 0.0000e+00
    173.000    14.4913  42.412096    34.9231 7.6973e-01    7.06414   10.09536      0.034  1026.7958       7565    174.057 0.0000e+00
    174.000    14.3844  42.311783    34.9266 7.7180e-01    7.08137   10.11999      0.023  1026.8261       7593    175.063 0.0000e+00
    175.000    14.3396  42.271856    34.9297 7.7138e-01    7.08902   10.13091      0.019  1026.8427       7613    176.070 0.0000e+00
    176.000    14.3150  42.248850    34.9303 7.7230e-01    7.09485   10.13924      0.020  1026.8529       7630    177.076 0.0000e+00
    177.000    14.2967  42.231597    34.9304 7.6929e-01    7.09731   10.14276      0.020  1026.8615       7646    178.083 0.0000e+00
    178.000    14.2416  42.177895    34.9301 7.6798e-01    7.10523   10.15409      0.022  1026.8775       7663    179.089 0.0000e+00
    179.000    14.1096  42.059577    34.9394 7.6860e-01    7.12295   10.17941      0.020  1026.9176       7683    180.096 0.0000e+00
    180.000    14.0187  41.979253    34.9467 7.6924e-01    7.13553   10.19738      0.018  1026.9471       7703    181.102 0.0000e+00
    181.000    13.9641  41.932744    34.9526 7.7259e-01    7.13937   10.20288      0.016  1026.9677       7723    182.109 0.0000e+00
    182.000    13.9132  41.885456    34.9544 7.6739e-01    7.14511   10.21108      0.016  1026.9845       7749    183.116 0.0000e+00
    183.000    13.8579  41.834880    34.9570 7.7189e-01    7.15600   10.22665      0.010  1027.0027       7774    184.122 0.0000e+00
    184.000    13.8266  41.807416    34.9594 7.7138e-01    7.16154   10.23456      0.005  1027.0156       7791    185.129 0.0000e+00
    185.000    13.8014  41.784262    34.9603 7.7000e-01    7.16463   10.23897      0.001  1027.0261       7807    186.135 0.0000e+00
    186.000    13.7787  41.762981    34.9606 7.7226e-01    7.16830   10.24421     -0.003  1027.0357       7823    187.142 0.0000e+00
    187.000    13.7439  41.730415    34.9615 7.6996e-01    7.17296   10.25088     -0.007  1027.0482       7840    188.149 0.0000e+00
    188.000    13.6871  41.678113    34.9638 7.6982e-01    7.18251   10.26453     -0.010  1027.0664       7858    189.155 0.0000e+00
    189.000    13.5645  41.566570    34.9707 7.7133e-01    7.19707   10.28534     -0.017  1027.1019       7889    190.162 0.0000e+00
    190.000    13.4938  41.503936    34.9760 7.7600e-01    7.20634   10.29858     -0.023  1027.1253       7910    191.169 0.0000e+00
    191.000    13.4794  41.490786    34.9763 7.7173e-01    7.20822   10.30127     -0.023  1027.1330       7927    192.175 0.0000e+00
    192.000    13.4680  41.480237    34.9764 7.7228e-01    7.20981   10.30354     -0.024  1027.1400       7943    193.182 0.0000e+00
    193.000    13.4594  41.472385    34.9765 7.7072e-01    7.21332   10.30855     -0.026  1027.1463       7958    194.188 0.0000e+00
    194.000    13.4547  41.467778    34.9761 7.6626e-01    7.21597   10.31235     -0.028  1027.1514       7975    195.195 0.0000e+00
    195.000    13.4520  41.464438    34.9750 7.7184e-01    7.21719   10.31409     -0.032  1027.1556       8005    196.202 0.0000e+00
    196.000    13.4090  41.424377    34.9762 7.6787e-01    7.22481   10.32498     -0.034  1027.1700       8039    197.208 0.0000e+00
    197.000    13.3522  41.372047    34.9784 7.7494e-01    7.23127   10.33421     -0.036  1027.1880       8056    198.215 0.0000e+00
    198.000    13.2749  41.307265    34.9877 7.7009e-01    7.24014   10.34689     -0.036  1027.2157       8072    199.221 0.0000e+00
    199.000    13.2490  41.284004    34.9891 7.6995e-01    7.24382   10.35214     -0.038  1027.2266       8088    200.228 0.0000e+00
    200.000    13.2371  41.272440    34.9886 7.7469e-01    7.24501   10.35385     -0.039  1027.2332       8105    201.235 0.0000e+00
    201.000    13.2260  41.261974    34.9885 7.7330e-01    7.24893   10.35945     -0.040  1027.2398       8122    202.242 0.0000e+00
    202.000    13.1825  41.222382    34.9906 7.7450e-01    7.25803   10.37246     -0.042  1027.2549       8142    203.248 0.0000e+00
    203.000    13.1420  41.185922    34.9928 7.7039e-01    7.26325   10.37991     -0.043  1027.2694       8165    204.255 0.0000e+00
    204.000    13.0972  41.146883    34.9966 7.7058e-01    7.26699   10.38526     -0.044  1027.2861       8183    205.261 0.0000e+00
    205.000    13.0749  41.127273    34.9980 7.7438e-01    7.27094   10.39090     -0.046  1027.2962       8200    206.268 0.0000e+00
    206.000    13.0474  41.101885    34.9989 7.7129e-01    7.27621   10.39844     -0.047  1027.3070       8217    207.275 0.0000e+00
    207.000    13.0102  41.068442    35.0009 7.7126e-01    7.28129   10.40570     -0.047  1027.3207       8239    208.281 0.0000e+00
    208.000    12.9782  41.040675    35.0036 7.6919e-01    7.28681   10.41358     -0.049  1027.3338       8263    209.288 0.0000e+00
    209.000    12.9620  41.026530    35.0047 7.7445e-01    7.28913   10.41690     -0.048  1027.3424       8284    210.295 0.0000e+00
    210.000    12.9499  41.015157    35.0045 7.7121e-01    7.29090   10.41942     -0.048  1027.3492       8302    211.302 0.0000e+00
    211.000    12.9335  41.000454    35.0053 7.7116e-01    7.29573   10.42633     -0.047  1027.3576       8321    212.309 0.0000e+00
    212.000    12.9117  40.982017    35.0073 7.7509e-01    7.29948   10.43169     -0.049  1027.3682       8340    213.315 0.0000e+00
    213.000    12.8999  40.972531    35.0088 7.7122e-01    7.30307   10.43682     -0.050  1027.3762       8359    214.322 0.0000e+00
    214.000    12.8860  40.959199    35.0085 7.7138e-01    7.30670   10.44200     -0.050  1027.3832       8376    215.329 0.0000e+00
    215.000    12.8711  40.945353    35.0086 7.7531e-01    7.30855   10.44465     -0.046  1027.3909       8394    216.335 0.0000e+00
    216.000    12.8548  40.930322    35.0089 7.7216e-01    7.30944   10.44593     -0.041  1027.3989       8415    217.342 0.0000e+00
    217.000    12.8264  40.903756    35.0094 7.7216e-01    7.31417   10.45268     -0.036  1027.4096       8438    218.349 0.0000e+00
    218.000    12.8073  40.887005    35.0107 7.7796e-01    7.31700   10.45672     -0.030  1027.4189       8461    219.356 0.0000e+00
    219.000    12.8011  40.881116    35.0103 7.7481e-01    7.32089   10.46228     -0.030  1027.4244       8481    220.362 0.0000e+00
    220.000    12.7951  40.876461    35.0110 7.6982e-01    7.31996   10.46095     -0.031  1027.4306       8498    221.369 0.0000e+00
    221.000    12.7742  40.856519    35.0108 7.7068e-01    7.32273   10.46492     -0.030  1027.4391       8514    222.376 0.0000e+00
    222.000    12.7482  40.833192    35.0122 7.7281e-01    7.32904   10.47394     -0.028  1027.4500       8531    223.383 0.0000e+00
    223.000    12.7291  40.815558    35.0125 7.7533e-01    7.33222   10.47847     -0.029  1027.4586       8548    224.389 0.0000e+00
    224.000    12.7002  40.787097    35.0116 7.7478e-01    7.33573   10.48349     -0.030  1027.4681       8572    225.396 0.0000e+00
    225.000    12.6829  40.770027    35.0108 7.7534e-01    7.33882   10.48791     -0.031  1027.4756       8602    226.403 0.0000e+00
    226.000    12.6693  40.756603    35.0101 7.7672e-01    7.34091   10.49089     -0.033  1027.4823       8624    227.410 0.0000e+00
    227.000    12.6561  40.745334    35.0111 7.7275e-01    7.34385   10.49510     -0.033  1027.4902       8641    228.417 0.0000e+00
    228.000    12.6339  40.726688    35.0134 7.7570e-01    7.34685   10.49938     -0.035  1027.5009       8658    229.423 0.0000e+00
    229.000    12.6191  40.715629    35.0161 7.7268e-01    7.35055   10.50467     -0.039  1027.5105       8675    230.430 0.0000e+00
    230.000    12.5908  40.691664    35.0189 7.7353e-01    7.35544   10.51165     -0.039  1027.5228       8693    231.437 0.0000e+00
    231.000    12.5715  40.674952    35.0204 7.7468e-01    7.35828   10.51572     -0.037  1027.5324       8711    232.444 0.0000e+00
    232.000    12.5323  40.639429    35.0222 7.7178e-01    7.36455   10.52468     -0.032  1027.5461       8739    233.451 0.0000e+00
    233.000    12.4873  40.600047    35.0258 7.7280e-01    7.36914   10.53123     -0.029  1027.5624       8764    234.457 0.0000e+00
    234.000    12.4592  40.575068    35.0273 7.7827e-01    7.37232   10.53578     -0.030  1027.5737       8781    235.464 0.0000e+00
    235.000    12.4527  40.569511    35.0276 7.7333e-01    7.37246   10.53599     -0.029  1027.5797       8797    236.471 0.0000e+00
    236.000    12.4431  40.559050    35.0261 7.7282e-01    7.37359   10.53760     -0.031  1027.5849       8813    237.478 0.0000e+00
    237.000    12.4107  40.526914    35.0248 7.7660e-01    7.37909   10.54546     -0.036  1027.5949       8830    238.485 0.0000e+00
    238.000    12.3643  40.482216    35.0245 7.7408e-01    7.38303   10.55109     -0.042  1027.6083       8850    239.492 0.0000e+00
    239.000    12.3437  40.463651    35.0253 7.7331e-01    7.38439   10.55304     -0.055  1027.6175       8873    240.498 0.0000e+00
    240.000    12.3258  40.446637    35.0251 7.7461e-01    7.38900   10.55962     -0.071  1027.6255       8892    241.506 0.0000e+00
