obs/s1107_D3_d1ave.cnv
* Sea-Bird SBE 9 Data File:
* FileName = C:\Documents and Settings\LAB\Desktop\Cr.107-3_2018\s1107_D3_d1.dat
* Software Version Seasave Win32 V 5.39c
* Temperature SN = 4376
* Conductivity SN = 2830
* Number of Bytes Per Scan = 24
* Number of Voltage Words = 4
* Number of Scans Averaged by the Deck Unit = 1
** Ship:       M.V. SEAFDEC
** Cruise:     107-3/2018
** Station:    D3_1
** Latitude:   09_35_588
** Longitude:  96_05_490
# nquan = 12
# nvalues = 756                         
# units = specified
# name 0 = depSM: Depth [salt water, m]
# name 1 = t090C: Temperature [ITS-90, deg C]
# name 2 = c0mS/cm: Conductivity [mS/cm]
# name 3 = sal00: Salinity, Practical [PSU]
# name 4 = flSP: Fluorescence, Seapoint
# name 5 = sbeox0ML/L: Oxygen, SBE 43 [ml/l]
# name 6 = sbeox0Mg/L: Oxygen, SBE 43 [mg/l]
# name 7 = ph: pH
# name 8 = density00: Density [density, Kg/m^3]
# name 9 = scan: Scan Count
# name 10 = prDM: Pressure, Digiquartz [db]
# name 11 = flag: flag
# span 0 =      1.000,    755.000       
# span 1 =     7.8856,    29.2640       
# span 2 =   9.583530,  56.408659       
# span 3 =     7.1265,    35.0503       
# span 4 = 1.9498e-01, 7.8975e-01       
# span 5 =    3.17082,    8.65429       
# span 6 =    4.53142,   12.36785       
# span 7 =     -0.174,      7.185       
# span 8 =  1002.3556,  1030.7119       
# span 9 =        727,      20009       
# span 10 =      1.006,    760.684      
# span 11 = 0.0000e+00, 0.0000e+00      
# interval = meters: 1                  
# start_time = Dec 14 2018 15:10:42
# bad_flag = -9.990e-29
*END*
      1.000    26.0046   9.583530     7.1265 2.0443e-01    3.17082    4.53142      4.472  1002.3556        727      1.006 0.0000e+00
      2.000    29.2640  56.408659    34.0042 1.9769e-01    5.93108    8.47610      6.140  1021.2220       1343      2.011 0.0000e+00
      3.000    28.8032  52.175780    31.6354 1.9873e-01    5.74784    8.21423      6.249  1019.6179       1358      3.017 0.0000e+00
      4.000    28.8102  51.912772    31.4528 1.9864e-01    5.75240    8.22076      6.010  1019.4832       1424      4.023 0.0000e+00
      5.000    28.4703  49.752343    30.2036 1.9818e-01    5.82761    8.32823      5.506  1018.6622       1491      5.028 0.0000e+00
      6.000    28.7849  50.224836    30.3245 1.9498e-01    5.79309    8.27890      5.380  1018.6547       1556      6.034 0.0000e+00
      7.000    28.7651  50.358999    30.4278 1.9748e-01    5.79188    8.27718      5.360  1018.7429       1603      7.040 0.0000e+00
      8.000    28.8094  52.688521    31.9798 1.9734e-01    5.73883    8.20137      5.435  1019.8958       1672      8.046 0.0000e+00
      9.000    28.8306  53.285729    32.3723 1.9780e-01    5.72425    8.18052      5.477  1020.1874       1730      9.051 0.0000e+00
     10.000    28.8354  53.519344    32.5282 1.9698e-01    5.72111    8.17604      5.737  1020.3071       1789     10.057 0.0000e+00
     11.000    28.8060  53.648644    32.6362 5.9101e-01    5.72461    8.18105      6.409  1020.4021       3200     11.063 0.0000e+00
     12.000    28.8354  53.818409    32.7319 7.6575e-01    5.72194    8.17722      7.185  1020.4685       4509     12.068 0.0000e+00
     13.000    28.8367  53.821427    32.7329 7.5427e-01    5.72293    8.17864      7.144  1020.4731       4470     13.074 0.0000e+00
     14.000    28.8373  53.825930    32.7352 7.5315e-01    5.72276    8.17840      7.143  1020.4789       4487     14.080 0.0000e+00
     15.000    28.8379  53.829536    32.7370 7.5166e-01    5.72349    8.17943      7.154  1020.4844       4504     15.086 0.0000e+00
     16.000    28.8389  53.833975    32.7391 7.5630e-01    5.72412    8.18034      7.157  1020.4900       4520     16.092 0.0000e+00
     17.000    28.8398  53.836238    32.7397 7.5345e-01    5.72406    8.18025      7.130  1020.4945       4536     17.097 0.0000e+00
     18.000    28.8408  53.841885    32.7426 7.5754e-01    5.72408    8.18028      7.124  1020.5005       4553     18.103 0.0000e+00
     19.000    28.8402  53.845432    32.7452 7.5871e-01    5.72526    8.18196      7.113  1020.5070       4578     19.109 0.0000e+00
     20.000    28.8378  53.850961    32.7504 7.5507e-01    5.72504    8.18165      7.109  1020.5160       4604     20.115 0.0000e+00
     21.000    28.8356  53.854291    32.7539 7.5702e-01    5.72614    8.18323      7.119  1020.5237       4622     21.120 0.0000e+00
     22.000    28.8322  53.855913    32.7570 7.5555e-01    5.72762    8.18535      7.096  1020.5315       4638     22.126 0.0000e+00
     23.000    28.8281  53.864549    32.7654 7.5618e-01    5.72844    8.18652      7.099  1020.5434       4653     23.132 0.0000e+00
     24.000    28.8309  53.882368    32.7754 7.5704e-01    5.72772    8.18549      7.105  1020.5544       4669     24.138 0.0000e+00
     25.000    28.8383  53.909986    32.7889 7.5702e-01    5.72699    8.18445      7.122  1020.5663       4686     25.144 0.0000e+00
     26.000    28.8585  53.976463    32.8202 7.5764e-01    5.72506    8.18168      7.123  1020.5875       4705     26.150 0.0000e+00
     27.000    28.8907  54.081889    32.8698 7.5745e-01    5.72025    8.17481      7.086  1020.6183       4731     27.155 0.0000e+00
     28.000    28.8944  54.114772    32.8894 7.5639e-01    5.71917    8.17327      7.102  1020.6361       4755     28.161 0.0000e+00
     29.000    28.8961  54.143280    32.9074 7.5704e-01    5.71770    8.17116      7.114  1020.6533       4773     29.167 0.0000e+00
     30.000    28.8975  54.168934    32.9237 7.5775e-01    5.71794    8.17150      7.120  1020.6694       4789     30.173 0.0000e+00
     31.000    28.8982  54.190456    32.9377 7.5703e-01    5.71837    8.17212      7.115  1020.6839       4805     31.179 0.0000e+00
     32.000    28.8964  54.201941    32.9465 7.5771e-01    5.71910    8.17317      7.107  1020.6954       4823     32.184 0.0000e+00
     33.000    28.8929  54.204870    32.9507 7.5516e-01    5.71990    8.17431      7.097  1020.7041       4842     33.190 0.0000e+00
     34.000    28.8889  54.219013    32.9627 7.5550e-01    5.72011    8.17461      7.089  1020.7187       4860     34.196 0.0000e+00
     35.000    28.8965  54.317743    33.0247 7.5700e-01    5.71690    8.17003      7.098  1020.7671       4877     35.202 0.0000e+00
     36.000    28.8873  54.431345    33.1085 7.5603e-01    5.71234    8.16351      7.078  1020.8372       4898     36.208 0.0000e+00
     37.000    28.7939  54.511741    33.2282 7.5705e-01    5.71368    8.16542      7.044  1020.9622       4922     37.214 0.0000e+00
     38.000    28.7209  54.529840    33.2912 7.5836e-01    5.71402    8.16590      7.015  1021.0380       4943     38.219 0.0000e+00
     39.000    28.6999  54.520617    33.2992 7.5625e-01    5.71602    8.16877      6.967  1021.0553       4960     39.225 0.0000e+00
     40.000    28.6512  54.496426    33.3164 7.5626e-01    5.72102    8.17591      6.935  1021.0885       4975     40.231 0.0000e+00
     41.000    28.5986  54.468894    33.3341 7.5701e-01    5.72575    8.18267      6.893  1021.1234       4991     41.237 0.0000e+00
     42.000    28.5276  54.437199    33.3618 7.5512e-01    5.73120    8.19045      6.842  1021.1720       5009     42.243 0.0000e+00
     43.000    28.3212  54.332149    33.4343 7.5463e-01    5.74407    8.20885      6.751  1021.2985       5037     43.249 0.0000e+00
     44.000    28.1754  54.240814    33.4738 7.5701e-01    5.75003    8.21737      6.666  1021.3801       5064     44.255 0.0000e+00
     45.000    28.0215  54.152083    33.5209 7.5232e-01    5.75773    8.22837      6.568  1021.4700       5080     45.261 0.0000e+00
     46.000    27.9524  54.105738    33.5375 7.5214e-01    5.75901    8.23019      6.461  1021.5093       5096     46.267 0.0000e+00
     47.000    27.9101  54.075536    33.5462 7.5621e-01    5.76035    8.23212      6.322  1021.5339       5111     47.273 0.0000e+00
     48.000    27.8831  54.056809    33.5521 7.5814e-01    5.76487    8.23858      6.170  1021.5514       5129     48.279 0.0000e+00
     49.000    27.8382  54.026645    33.5628 7.5914e-01    5.77197    8.24872      6.004  1021.5784       5154     49.285 0.0000e+00
     50.000    27.8064  54.004882    33.5700 7.5996e-01    5.77417    8.25187      5.918  1021.5984       5180     50.290 0.0000e+00
     51.000    27.7981  53.998721    33.5713 7.5488e-01    5.77510    8.25319      5.875  1021.6064       5199     51.296 0.0000e+00
     52.000    27.7914  53.994237    33.5727 7.5766e-01    5.77709    8.25604      5.843  1021.6139       5216     52.302 0.0000e+00
     53.000    27.7778  53.984762    33.5755 7.5704e-01    5.77897    8.25872      5.816  1021.6247       5234     53.308 0.0000e+00
     54.000    27.7656  53.975820    33.5776 7.5821e-01    5.78024    8.26054      5.789  1021.6346       5252     54.314 0.0000e+00
     55.000    27.7494  53.963133    33.5801 7.5598e-01    5.78174    8.26269      5.771  1021.6460       5274     55.320 0.0000e+00
     56.000    27.7313  53.948872    33.5827 7.5747e-01    5.78416    8.26614      5.744  1021.6582       5302     56.326 0.0000e+00
     57.000    27.6999  53.924554    33.5878 7.3461e-01    5.78684    8.26998      5.711  1021.6765       5329     57.332 0.0000e+00
     58.000    27.6753  53.906345    33.5924 7.5455e-01    5.78708    8.27032      5.680  1021.6922       5348     58.338 0.0000e+00
     59.000    27.6574  53.890922    33.5941 7.4380e-01    5.78875    8.27270      5.649  1021.7036       5364     59.344 0.0000e+00
     60.000    27.5180  53.782336    33.6175 7.5920e-01    5.80058    8.28960      5.632  1021.7704       5381     60.350 0.0000e+00
     61.000    27.3434  53.655790    33.6536 7.6016e-01    5.80970    8.30265      5.588  1021.8580       5400     61.356 0.0000e+00
     62.000    27.1959  53.548950    33.6843 7.6077e-01    5.81474    8.30985      5.440  1021.9327       5425     62.362 0.0000e+00
     63.000    27.0871  53.468972    33.7060 7.6109e-01    5.82214    8.32042      5.268  1021.9881       5449     63.368 0.0000e+00
     64.000    26.8551  53.301053    33.7547 7.5441e-01    5.83958    8.34534      5.142  1022.1028       5469     64.374 0.0000e+00
     65.000    26.6283  53.137938    33.8034 7.5297e-01    5.85289    8.36437      5.029  1022.2156       5487     65.380 0.0000e+00
     66.000    26.5119  53.067749    33.8380 7.5850e-01    5.85405    8.36603      4.889  1022.2827       5504     66.386 0.0000e+00
     67.000    26.4985  53.068893    33.8483 7.6089e-01    5.85518    8.36763      4.707  1022.2990       5521     67.392 0.0000e+00
     68.000    26.4966  53.074333    33.8533 7.4922e-01    5.86081    8.37568      4.550  1022.3077       5538     68.398 0.0000e+00
     69.000    26.4881  53.076004    33.8605 7.5431e-01    5.86593    8.38300      4.438  1022.3201       5559     69.404 0.0000e+00
     70.000    26.4785  53.073354    33.8652 7.3933e-01    5.86871    8.38697      4.382  1022.3310       5586     70.410 0.0000e+00
     71.000    26.4530  53.054694    33.8703 7.5706e-01    5.87281    8.39283      4.362  1022.3471       5610     71.416 0.0000e+00
     72.000    26.3277  52.956272    33.8913 7.4606e-01    5.88420    8.40911      4.357  1022.4066       5628     72.422 0.0000e+00
     73.000    26.1612  52.831519    33.9238 7.5243e-01    5.89417    8.42336      4.345  1022.4875       5644     73.428 0.0000e+00
     74.000    25.9497  52.678515    33.9692 7.5779e-01    5.90630    8.44069      4.299  1022.5920       5661     74.434 0.0000e+00
     75.000    25.5670  52.405729    34.0553 7.5991e-01    5.93168    8.47696      4.223  1022.7795       5677     75.440 0.0000e+00
     76.000    25.1721  52.100215    34.1270 7.5445e-01    5.95322    8.50775      4.081  1022.9590       5696     76.446 0.0000e+00
     77.000    24.9369  51.976406    34.2129 7.5684e-01    5.96784    8.52864      3.637  1023.0998       5734     77.452 0.0000e+00
     78.000    24.9635  52.143722    34.3163 7.3646e-01    5.97015    8.53194      3.434  1023.1741       5757     78.458 0.0000e+00
     79.000    25.0113  52.300536    34.3956 7.5609e-01    5.97030    8.53216      3.368  1023.2238       5773     79.464 0.0000e+00
     80.000    24.9707  52.311825    34.4345 7.5118e-01    5.98289    8.55015      3.328  1023.2699       5789     80.471 0.0000e+00
     81.000    24.7330  52.127218    34.4788 7.5240e-01    6.00934    8.58795      3.350  1023.3796       5805     81.476 0.0000e+00
     82.000    24.4180  51.832645    34.5005 7.6072e-01    6.03178    8.62002      3.412  1023.4951       5822     82.483 0.0000e+00
     83.000    24.2237  51.646736    34.5106 7.5896e-01    6.04074    8.63282      3.434  1023.5652       5840     83.489 0.0000e+00
     84.000    24.0423  51.468619    34.5164 7.2210e-01    6.05756    8.65685      3.309  1023.6279       5878     84.495 0.0000e+00
     85.000    23.9623  51.395868    34.5232 7.4571e-01    6.06735    8.67085      3.243  1023.6611       5896     85.501 0.0000e+00
     86.000    23.9170  51.352687    34.5254 7.5803e-01    6.07187    8.67731      3.199  1023.6806       5912     86.507 0.0000e+00
     87.000    23.8233  51.260858    34.5283 7.6318e-01    6.08194    8.69170      3.162  1023.7148       5927     87.513 0.0000e+00
     88.000    23.6928  51.128153    34.5288 7.5879e-01    6.09495    8.71029      3.121  1023.7579       5942     88.519 0.0000e+00
     89.000    23.2607  50.700217    34.5396 7.6076e-01    6.13484    8.76730      3.079  1023.8967       5957     89.525 0.0000e+00
     90.000    22.9107  50.368976    34.5597 7.5946e-01    6.15498    8.79607      3.025  1024.0176       5973     90.531 0.0000e+00
     91.000    22.8120  50.259845    34.5529 7.5760e-01    6.15063    8.78986      2.923  1024.0452       5991     91.538 0.0000e+00
     92.000    22.7166  50.131297    34.5285 7.5155e-01    6.16138    8.80523      2.735  1024.0584       6011     92.544 0.0000e+00
     93.000    22.4839  49.852613    34.4959 7.5508e-01    6.18257    8.83551      2.555  1024.1045       6031     93.550 0.0000e+00
     94.000    22.3350  49.699641    34.4943 7.6277e-01    6.18524    8.83933      2.409  1024.1499       6049     94.556 0.0000e+00
     95.000    22.2012  49.566705    34.4964 7.5300e-01    6.19124    8.84791      2.216  1024.1937       6067     95.562 0.0000e+00
     96.000    22.0862  49.447190    34.4939 7.5981e-01    6.20395    8.86607      2.006  1024.2285       6087     96.568 0.0000e+00
     97.000    22.0454  49.401757    34.4905 7.5579e-01    6.20934    8.87377      1.831  1024.2417       6106     97.574 0.0000e+00
     98.000    21.8636  49.216275    34.4893 7.2858e-01    6.22983    8.90305      1.695  1024.2961       6124     98.581 0.0000e+00
     99.000    21.6783  49.063624    34.5167 7.3072e-01    6.23841    8.91532      1.590  1024.3730       6143     99.587 0.0000e+00
    100.000    21.5993  48.997672    34.5275 7.5035e-01    6.23988    8.91742      1.468  1024.4075       6164    100.593 0.0000e+00
    101.000    21.5778  48.977358    34.5283 7.4970e-01    6.24653    8.92691      1.331  1024.4184       6185    101.599 0.0000e+00
    102.000    21.5433  48.948155    34.5326 7.4639e-01    6.25489    8.93886      1.239  1024.4356       6203    102.605 0.0000e+00
    103.000    21.5206  48.925671    34.5326 7.5670e-01    6.25871    8.94432      1.190  1024.4463       6220    103.612 0.0000e+00
    104.000    21.4494  48.865629    34.5418 7.5409e-01    6.26544    8.95395      1.151  1024.4773       6236    104.618 0.0000e+00
    105.000    21.3375  48.760221    34.5478 7.3781e-01    6.27651    8.96976      1.117  1024.5171       6254    105.624 0.0000e+00
    106.000    21.1475  48.607044    34.5786 7.3546e-01    6.29188    8.99173      1.074  1024.5971       6277    106.630 0.0000e+00
    107.000    21.0777  48.561427    34.5983 7.2320e-01    6.29687    8.99886      1.028  1024.6355       6299    107.636 0.0000e+00
    108.000    21.0468  48.560093    34.6219 7.6196e-01    6.30874    9.01582      0.990  1024.6663       6318    108.642 0.0000e+00
    109.000    20.8588  48.378456    34.6285 7.5440e-01    6.33800    9.05763      0.970  1024.7269       6336    109.649 0.0000e+00
    110.000    20.6075  48.152969    34.6512 7.5354e-01    6.36360    9.09422      0.989  1024.8165       6356    110.655 0.0000e+00
    111.000    20.4410  47.996902    34.6606 7.6788e-01    6.37757    9.11418      1.016  1024.8728       6376    111.661 0.0000e+00
    112.000    20.4031  47.955869    34.6581 7.6285e-01    6.38139    9.11965      1.036  1024.8854       6394    112.667 0.0000e+00
    113.000    20.2528  47.778971    34.6372 7.6207e-01    6.40446    9.15262      1.050  1024.9140       6411    113.673 0.0000e+00
    114.000    20.0970  47.606533    34.6243 7.5770e-01    6.42948    9.18838      1.057  1024.9501       6428    114.680 0.0000e+00
    115.000    19.9721  47.477173    34.6209 7.6240e-01    6.44858    9.21567      1.072  1024.9849       6448    115.686 0.0000e+00
    116.000    19.8866  47.399593    34.6275 7.6733e-01    6.45723    9.22802      1.121  1025.0170       6467    116.692 0.0000e+00
    117.000    19.7340  47.253527    34.6331 7.5629e-01    6.47109    9.24784      1.168  1025.0657       6485    117.699 0.0000e+00
    118.000    19.3073  46.837977    34.6433 7.6576e-01    6.51048    9.30412      1.191  1025.1890       6503    118.705 0.0000e+00
    119.000    19.0802  46.633016    34.6617 7.6370e-01    6.51626    9.31239      1.173  1025.2660       6524    119.711 0.0000e+00
    120.000    18.9171  46.480586    34.6704 6.9495e-01    6.53399    9.33773      1.092  1025.3189       6547    120.717 0.0000e+00
