obs/s1107_D3_d1ave.cnv
* Sea-Bird SBE 9 Data File:
* FileName = C:\Documents and Settings\LAB\Desktop\Cr.107-3_2018\s1107_D3_d1.dat
* Software Version Seasave Win32 V 5.39c
* Temperature SN = 4376
* Conductivity SN = 2830
* Number of Bytes Per Scan = 24
* Number of Voltage Words = 4
* Number of Scans Averaged by the Deck Unit = 1
** Ship:       M.V. SEAFDEC
** Cruise:     107-3/2018
** Station:    D3_1
** Latitude:   09_35_588
** Longitude:  96_05_490
# nquan = 12
# nvalues = 756                         
# units = specified
# name 0 = depSM: Depth [salt water, m]
# name 1 = t090C: Temperature [ITS-90, deg C]
# name 2 = c0mS/cm: Conductivity [mS/cm]
# name 3 = sal00: Salinity, Practical [PSU]
# name 4 = flSP: Fluorescence, Seapoint
# name 5 = sbeox0ML/L: Oxygen, SBE 43 [ml/l]
# name 6 = sbeox0Mg/L: Oxygen, SBE 43 [mg/l]
# name 7 = ph: pH
# name 8 = density00: Density [density, Kg/m^3]
# name 9 = scan: Scan Count
# name 10 = prDM: Pressure, Digiquartz [db]
# name 11 = flag: flag
# span 0 =      1.000,    755.000       
# span 1 =     7.8856,    29.2640       
# span 2 =   9.583530,  56.408659       
# span 3 =     7.1265,    35.0503       
# span 4 = 1.9498e-01, 7.8975e-01       
# span 5 =    3.17082,    8.65429       
# span 6 =    4.53142,   12.36785       
# span 7 =     -0.174,      7.185       
# span 8 =  1002.3556,  1030.7119       
# span 9 =        727,      20009       
# span 10 =      1.006,    760.684      
# span 11 = 0.0000e+00, 0.0000e+00      
# interval = meters: 1                  
# start_time = Dec 14 2018 15:10:42
# bad_flag = -9.990e-29
*END*
[from data line 602]
    603.000     9.0499  37.469864    35.0050 5.1194e-01    8.25840   11.80208      0.025  1029.8560      16605    607.317 0.0000e+00
    604.000     9.0389  37.459710    35.0047 5.1015e-01    8.26091   11.80566      0.026  1029.8622      16633    608.326 0.0000e+00
    605.000     9.0288  37.450638    35.0047 5.0869e-01    8.26489   11.81136      0.028  1029.8685      16653    609.334 0.0000e+00
    606.000     9.0238  37.446159    35.0045 5.0668e-01    8.26730   11.81479      0.029  1029.8737      16670    610.343 0.0000e+00
    607.000     9.0188  37.441782    35.0044 5.0275e-01    8.26842   11.81639      0.031  1029.8790      16687    611.352 0.0000e+00
    608.000     9.0137  37.437373    35.0042 5.0554e-01    8.26859   11.81664      0.032  1029.8843      16708    612.360 0.0000e+00
    609.000     9.0074  37.431442    35.0038 5.1091e-01    8.27265   11.82245      0.035  1029.8895      16734    613.369 0.0000e+00
    610.000     8.9966  37.421506    35.0035 5.1441e-01    8.27675   11.82830      0.035  1029.8957      16759    614.377 0.0000e+00
    611.000     8.9823  37.408112    35.0031 5.0750e-01    8.27999   11.83294      0.036  1029.9024      16779    615.386 0.0000e+00
    612.000     8.9746  37.401519    35.0033 5.0779e-01    8.28191   11.83568      0.039  1029.9084      16797    616.395 0.0000e+00
    613.000     8.9703  37.397576    35.0029 5.0942e-01    8.28263   11.83671      0.039  1029.9134      16814    617.404 0.0000e+00
    614.000     8.9565  37.384620    35.0024 5.1220e-01    8.28629   11.84194      0.040  1029.9199      16833    618.412 0.0000e+00
    615.000     8.9330  37.362737    35.0022 5.0857e-01    8.29386   11.85276      0.043  1029.9283      16857    619.421 0.0000e+00
    616.000     8.9238  37.354480    35.0020 5.0907e-01    8.29701   11.85726      0.043  1029.9343      16883    620.429 0.0000e+00
    617.000     8.9133  37.344371    35.0013 5.1125e-01    8.29816   11.85890      0.046  1029.9401      16907    621.438 0.0000e+00
    618.000     8.9055  37.337706    35.0015 5.0796e-01    8.30088   11.86278      0.048  1029.9462      16928    622.447 0.0000e+00
    619.000     8.9047  37.337241    35.0013 5.0899e-01    8.30325   11.86618      0.051  1029.9507      16946    623.456 0.0000e+00
    620.000     8.9009  37.333491    35.0008 5.1967e-01    8.30565   11.86961      0.052  1029.9554      16962    624.464 0.0000e+00
    621.000     8.8917  37.325306    35.0007 5.0646e-01    8.30832   11.87343      0.053  1029.9615      16980    625.473 0.0000e+00
    622.000     8.8866  37.320728    35.0005 5.0652e-01    8.30959   11.87523      0.056  1029.9667      17007    626.482 0.0000e+00
    623.000     8.8821  37.316149    34.9996 5.1634e-01    8.31166   11.87820      0.057  1029.9713      17044    627.490 0.0000e+00
    624.000     8.8703  37.305784    34.9999 5.0736e-01    8.31360   11.88097      0.058  1029.9781      17063    628.499 0.0000e+00
    625.000     8.8674  37.303341    34.9997 5.0635e-01    8.31655   11.88519      0.059  1029.9830      17079    629.508 0.0000e+00
    626.000     8.8609  37.297265    34.9993 5.0899e-01    8.31917   11.88892      0.059  1029.9883      17095    630.517 0.0000e+00
    627.000     8.8483  37.286058    34.9995 5.0261e-01    8.32159   11.89238      0.059  1029.9952      17112    631.525 0.0000e+00
    628.000     8.8410  37.279069    34.9988 5.0929e-01    8.32456   11.89662      0.059  1030.0004      17137    632.534 0.0000e+00
    629.000     8.8299  37.268916    34.9986 5.1112e-01    8.32888   11.90280      0.060  1030.0067      17170    633.543 0.0000e+00
    630.000     8.8273  37.266885    34.9986 5.0520e-01    8.33138   11.90638      0.063  1030.0117      17187    634.552 0.0000e+00
    631.000     8.8249  37.264756    34.9983 5.0826e-01    8.33127   11.90621      0.064  1030.0163      17204    635.561 0.0000e+00
    632.000     8.8194  37.259843    34.9981 5.0710e-01    8.33155   11.90661      0.064  1030.0216      17220    636.569 0.0000e+00
    633.000     8.8168  37.257794    34.9980 5.0674e-01    8.33393   11.91003      0.067  1030.0265      17242    637.578 0.0000e+00
    634.000     8.8141  37.255299    34.9976 5.1050e-01    8.33910   11.91741      0.068  1030.0312      17272    638.587 0.0000e+00
    635.000     8.8068  37.248375    34.9970 5.0695e-01    8.33823   11.91616      0.070  1030.0365      17292    639.595 0.0000e+00
    636.000     8.7963  37.239497    34.9975 5.1070e-01    8.34022   11.91901      0.070  1030.0433      17308    640.605 0.0000e+00
    637.000     8.7941  37.237516    34.9972 5.0614e-01    8.34330   11.92341      0.070  1030.0480      17325    641.613 0.0000e+00
    638.000     8.7909  37.234826    34.9970 5.1030e-01    8.34479   11.92554      0.071  1030.0529      17347    642.622 0.0000e+00
    639.000     8.7830  37.226982    34.9961 5.0715e-01    8.34922   11.93187      0.075  1030.0580      17372    643.631 0.0000e+00
    640.000     8.7558  37.202285    34.9964 5.0638e-01    8.35547   11.94080      0.075  1030.0675      17393    644.639 0.0000e+00
    641.000     8.7515  37.198369    34.9960 5.0610e-01    8.35685   11.94277      0.076  1030.0724      17413    645.648 0.0000e+00
    642.000     8.7378  37.185694    34.9958 5.1007e-01    8.36026   11.94764      0.078  1030.0791      17434    646.657 0.0000e+00
    643.000     8.7339  37.182336    34.9956 5.0804e-01    8.36114   11.94891      0.080  1030.0842      17456    647.666 0.0000e+00
    644.000     8.7279  37.176730    34.9952 5.0555e-01    8.36328   11.95197      0.081  1030.0894      17477    648.675 0.0000e+00
    645.000     8.7211  37.170702    34.9951 5.1628e-01    8.36694   11.95719      0.084  1030.0950      17497    649.684 0.0000e+00
    646.000     8.7168  37.167042    34.9949 5.0842e-01    8.36767   11.95823      0.085  1030.1002      17517    650.692 0.0000e+00
    647.000     8.7073  37.158066    34.9944 5.0985e-01    8.37039   11.96213      0.087  1030.1060      17538    651.701 0.0000e+00
    648.000     8.6996  37.151097    34.9942 5.0917e-01    8.37571   11.96973      0.089  1030.1116      17559    652.710 0.0000e+00
    649.000     8.6936  37.145909    34.9941 5.1108e-01    8.37679   11.97127      0.090  1030.1171      17580    653.719 0.0000e+00
    650.000     8.6874  37.140269    34.9939 5.0672e-01    8.37725   11.97193      0.091  1030.1225      17600    654.728 0.0000e+00
    651.000     8.6771  37.130883    34.9936 5.1406e-01    8.38038   11.97640      0.091  1030.1286      17619    655.737 0.0000e+00
    652.000     8.6696  37.124179    34.9936 5.1080e-01    8.38510   11.98315      0.093  1030.1343      17637    656.746 0.0000e+00
    653.000     8.6636  37.118757    34.9933 5.0790e-01    8.38605   11.98451      0.094  1030.1396      17657    657.754 0.0000e+00
    654.000     8.6543  37.109958    34.9928 5.1076e-01    8.38976   11.98981      0.097  1030.1454      17679    658.763 0.0000e+00
    655.000     8.6440  37.100691    34.9926 5.1085e-01    8.39251   11.99374      0.098  1030.1516      17707    659.772 0.0000e+00
    656.000     8.6405  37.097481    34.9923 5.0899e-01    8.39370   11.99543      0.101  1030.1564      17738    660.781 0.0000e+00
    657.000     8.6394  37.096836    34.9922 5.0241e-01    8.39601   11.99873      0.101  1030.1611      17759    661.790 0.0000e+00
    658.000     8.6389  37.096734    34.9921 5.0995e-01    8.39734   12.00064      0.101  1030.1656      17776    662.799 0.0000e+00
    659.000     8.6331  37.091223    34.9915 4.9874e-01    8.39734   12.00064      0.101  1030.1707      17792    663.808 0.0000e+00
    660.000     8.6234  37.082743    34.9917 5.0217e-01    8.40193   12.00720      0.102  1030.1770      17808    664.817 0.0000e+00
    661.000     8.6200  37.079842    34.9915 5.0526e-01    8.40270   12.00831      0.103  1030.1820      17824    665.826 0.0000e+00
    662.000     8.6175  37.077610    34.9912 5.0849e-01    8.40506   12.01167      0.103  1030.1867      17849    666.835 0.0000e+00
    663.000     8.6037  37.064644    34.9907 4.9947e-01    8.40964   12.01822      0.104  1030.1931      17884    667.843 0.0000e+00
    664.000     8.5883  37.050889    34.9909 5.0615e-01    8.41105   12.02024      0.105  1030.2005      17905    668.852 0.0000e+00
    665.000     8.5859  37.048793    34.9906 5.0282e-01    8.41458   12.02527      0.105  1030.2052      17922    669.861 0.0000e+00
    666.000     8.5840  37.047492    34.9905 4.9929e-01    8.41657   12.02812      0.106  1030.2100      17938    670.870 0.0000e+00
    667.000     8.5764  37.040100    34.9898 4.9819e-01    8.41673   12.02835      0.106  1030.2153      17954    671.879 0.0000e+00
    668.000     8.5578  37.023244    34.9899 5.0249e-01    8.42328   12.03770      0.107  1030.2230      17971    672.888 0.0000e+00
    669.000     8.5419  37.008479    34.9895 5.0198e-01    8.42838   12.04501      0.108  1030.2300      17993    673.897 0.0000e+00
    670.000     8.5300  36.997611    34.9893 5.1051e-01    8.43155   12.04952      0.108  1030.2363      18020    674.906 0.0000e+00
    671.000     8.5269  36.994885    34.9890 5.0431e-01    8.43190   12.05003      0.110  1030.2412      18043    675.915 0.0000e+00
    672.000     8.5259  36.994130    34.9888 5.0835e-01    8.43184   12.04995      0.113  1030.2457      18063    676.924 0.0000e+00
    673.000     8.5248  36.993509    34.9888 4.8878e-01    8.43725   12.05767      0.115  1030.2504      18082    677.933 0.0000e+00
    674.000     8.5242  36.993344    34.9887 5.5077e-01    8.43535   12.05495      0.116  1030.2550      18100    678.942 0.0000e+00
    675.000     8.5225  36.991998    34.9885 5.2306e-01    8.43587   12.05571      0.119  1030.2596      18120    679.951 0.0000e+00
    676.000     8.5161  36.986221    34.9882 5.6198e-01    8.43933   12.06065      0.121  1030.2650      18142    680.960 0.0000e+00
    677.000     8.5112  36.981841    34.9880 5.0938e-01    8.44356   12.06669      0.122  1030.2702      18165    681.969 0.0000e+00
    678.000     8.5083  36.979520    34.9879 4.8568e-01    8.44171   12.06405      0.124  1030.2751      18188    682.978 0.0000e+00
    679.000     8.5020  36.973870    34.9877 5.2764e-01    8.44702   12.07164      0.125  1030.2806      18210    683.987 0.0000e+00
    680.000     8.4972  36.969590    34.9875 5.0792e-01    8.44765   12.07254      0.124  1030.2858      18229    684.996 0.0000e+00
    681.000     8.4863  36.959625    34.9872 5.0566e-01    8.45097   12.07728      0.121  1030.2919      18247    686.005 0.0000e+00
    682.000     8.4784  36.952894    34.9874 5.0201e-01    8.45514   12.08324      0.123  1030.2979      18264    687.014 0.0000e+00
    683.000     8.4751  36.949923    34.9871 4.9989e-01    8.45434   12.08210      0.125  1030.3028      18281    688.023 0.0000e+00
    684.000     8.4658  36.941595    34.9870 5.0060e-01    8.45914   12.08895      0.124  1030.3088      18298    689.032 0.0000e+00
    685.000     8.4557  36.932405    34.9867 4.9836e-01    8.46163   12.09251      0.124  1030.3148      18320    690.041 0.0000e+00
    686.000     8.4507  36.927899    34.9865 5.0196e-01    8.46545   12.09797      0.125  1030.3200      18352    691.050 0.0000e+00
    687.000     8.4502  36.927779    34.9864 4.9859e-01    8.46382   12.09565      0.127  1030.3246      18378    692.059 0.0000e+00
    688.000     8.4493  36.927217    34.9862 5.0436e-01    8.46551   12.09806      0.131  1030.3291      18396    693.068 0.0000e+00
    689.000     8.4482  36.926372    34.9859 4.9982e-01    8.47011   12.10464      0.132  1030.3336      18412    694.077 0.0000e+00
    690.000     8.4455  36.924208    34.9858 5.0220e-01    8.46857   12.10243      0.134  1030.3385      18428    695.086 0.0000e+00
    691.000     8.4432  36.922433    34.9857 5.0582e-01    8.46870   12.10262      0.134  1030.3434      18448    696.095 0.0000e+00
    692.000     8.4395  36.919210    34.9856 5.1388e-01    8.47440   12.11076      0.134  1030.3484      18478    697.104 0.0000e+00
    693.000     8.4381  36.918086    34.9853 5.0997e-01    8.47098   12.10588      0.136  1030.3530      18502    698.113 0.0000e+00
    694.000     8.4186  36.900383    34.9853 5.0123e-01    8.47819   12.11619      0.136  1030.3608      18519    699.122 0.0000e+00
    695.000     8.4083  36.890864    34.9850 4.9987e-01    8.48517   12.12616      0.137  1030.3668      18535    700.131 0.0000e+00
    696.000     8.3858  36.870407    34.9851 5.0180e-01    8.48706   12.12886      0.135  1030.3753      18552    701.141 0.0000e+00
    697.000     8.3739  36.859617    34.9850 5.0815e-01    8.49199   12.13591      0.135  1030.3817      18579    702.150 0.0000e+00
    698.000     8.3669  36.852978    34.9844 5.1080e-01    8.49505   12.14028      0.140  1030.3870      18609    703.159 0.0000e+00
    699.000     8.3544  36.841837    34.9845 5.0997e-01    8.49560   12.14106      0.141  1030.3936      18627    704.168 0.0000e+00
    700.000     8.3434  36.831488    34.9839 5.1434e-01    8.49897   12.14588      0.145  1030.3996      18644    705.177 0.0000e+00
    701.000     8.3240  36.813953    34.9840 5.0214e-01    8.50762   12.15824      0.146  1030.4075      18661    706.186 0.0000e+00
    702.000     8.3046  36.795719    34.9833 5.1223e-01    8.51373   12.16698      0.149  1030.4147      18682    707.195 0.0000e+00
    703.000     8.2774  36.770817    34.9833 5.0850e-01    8.51624   12.17057      0.150  1030.4238      18705    708.204 0.0000e+00
    704.000     8.2549  36.749928    34.9830 5.0366e-01    8.52628   12.18490      0.153  1030.4319      18727    709.213 0.0000e+00
    705.000     8.2527  36.748222    34.9829 5.0304e-01    8.52784   12.18713      0.158  1030.4367      18747    710.222 0.0000e+00
    706.000     8.2325  36.728953    34.9819 5.0739e-01    8.52751   12.18666      0.162  1030.4438      18768    711.232 0.0000e+00
    707.000     8.2137  36.711968    34.9821 5.1005e-01    8.53507   12.19747      0.165  1030.4517      18790    712.241 0.0000e+00
    708.000     8.2114  36.709935    34.9817 5.0696e-01    8.54175   12.20701      0.167  1030.4562      18812    713.250 0.0000e+00
    709.000     8.2091  36.707715    34.9811 5.1167e-01    8.53843   12.20226      0.174  1030.4608      18838    714.259 0.0000e+00
    710.000     8.2054  36.704461    34.9809 5.0419e-01    8.53757   12.20104      0.178  1030.4657      18860    715.268 0.0000e+00
    711.000     8.2011  36.700917    34.9808 5.0365e-01    8.54295   12.20873      0.181  1030.4709      18877    716.277 0.0000e+00
    712.000     8.1980  36.697959    34.9804 4.9658e-01    8.54625   12.21345      0.182  1030.4756      18893    717.287 0.0000e+00
    713.000     8.1936  36.694070    34.9802 5.0537e-01    8.54944   12.21801      0.185  1030.4807      18912    718.296 0.0000e+00
    714.000     8.1893  36.690161    34.9797 5.3291e-01    8.54838   12.21649      0.186  1030.4856      18945    719.305 0.0000e+00
    715.000     8.1817  36.683256    34.9795 6.0383e-01    8.54806   12.21603      0.186  1030.4912      18970    720.314 0.0000e+00
    716.000     8.1779  36.679802    34.9791 7.8975e-01    8.55203   12.22170      0.189  1030.4961      18988    721.323 0.0000e+00
    717.000     8.1715  36.673584    34.9783 6.9697e-01    8.55763   12.22971      0.190  1030.5011      19004    722.332 0.0000e+00
    718.000     8.1619  36.665178    34.9784 6.0347e-01    8.55990   12.23295      0.190  1030.5074      19020    723.341 0.0000e+00
    719.000     8.1541  36.658006    34.9781 5.4545e-01    8.55874   12.23130      0.190  1030.5129      19040    724.351 0.0000e+00
    720.000     8.1502  36.654234    34.9774 5.3836e-01    8.56381   12.23854      0.190  1030.5176      19079    725.360 0.0000e+00
    721.000     8.1392  36.643879    34.9768 5.0510e-01    8.56626   12.24204      0.191  1030.5235      19103    726.369 0.0000e+00
