obs/s1107_D3_d1ave.cnv
* Sea-Bird SBE 9 Data File:
* FileName = C:\Documents and Settings\LAB\Desktop\Cr.107-3_2018\s1107_D3_d1.dat
* Software Version Seasave Win32 V 5.39c
* Temperature SN = 4376
* Conductivity SN = 2830
* Number of Bytes Per Scan = 24
* Number of Voltage Words = 4
* Number of Scans Averaged by the Deck Unit = 1
** Ship:       M.V. SEAFDEC
** Cruise:     107-3/2018
** Station:    D3_1
** Latitude:   09_35_588
** Longitude:  96_05_490
# nquan = 12
# nvalues = 756                         
# units = specified
# name 0 = depSM: Depth [salt water, m]
# name 1 = t090C: Temperature [ITS-90, deg C]
# name 2 = c0mS/cm: Conductivity [mS/cm]
# name 3 = sal00: Salinity, Practical [PSU]
# name 4 = flSP: Fluorescence, Seapoint
# name 5 = sbeox0ML/L: Oxygen, SBE 43 [ml/l]
# name 6 = sbeox0Mg/L: Oxygen, SBE 43 [mg/l]
# name 7 = ph: pH
# name 8 = density00: Density [density, Kg/m^3]
# name 9 = scan: Scan Count
# name 10 = prDM: Pressure, Digiquartz [db]
# name 11 = flag: flag
# span 0 =      1.000,    755.000       
# span 1 =     7.8856,    29.2640       
# span 2 =   9.583530,  56.408659       
# span 3 =     7.1265,    35.0503       
# span 4 = 1.9498e-01, 7.8975e-01       
# span 5 =    3.17082,    8.65429       
# span 6 =    4.53142,   12.36785       
# span 7 =     -0.174,      7.185       
# span 8 =  1002.3556,  1030.7119       
# span 9 =        727,      20009       
# span 10 =      1.006,    760.684      
# span 11 = 0.0000e+00, 0.0000e+00      
# interval = meters: 1                  
# start_time = Dec 14 2018 15:10:42
# bad_flag = -9.990e-29
*END*
[from data line 241]
    242.000    12.3094  40.431754    35.0252 7.6979e-01    7.39492   10.56808     -0.101  1027.6378       8933    243.519 0.0000e+00
    243.000    12.2818  40.406780    35.0263 7.7216e-01    7.39964   10.57483     -0.110  1027.6486       8953    244.526 0.0000e+00
    244.000    12.2572  40.384651    35.0274 7.7420e-01    7.40627   10.58431     -0.118  1027.6588       8971    245.533 0.0000e+00
    245.000    12.2198  40.349808    35.0281 7.7924e-01    7.41426   10.59573     -0.120  1027.6713       8989    246.540 0.0000e+00
    246.000    12.1784  40.312203    35.0299 7.7735e-01    7.40518   10.58274     -0.119  1027.6854       9007    247.547 0.0000e+00
    247.000    12.1612  40.296605    35.0304 7.8140e-01    7.35828   10.51571     -0.115  1027.6937       9026    248.554 0.0000e+00
    248.000    12.1388  40.275484    35.0304 7.7434e-01    7.39552   10.56894     -0.114  1027.7026       9049    249.560 0.0000e+00
    249.000    12.1165  40.255483    35.0314 7.7422e-01    7.42974   10.61784     -0.115  1027.7122       9073    250.567 0.0000e+00
    250.000    12.1042  40.244164    35.0315 7.7327e-01    7.42900   10.61679     -0.118  1027.7192       9093    251.574 0.0000e+00
    251.000    12.0891  40.230224    35.0317 7.7289e-01    7.43165   10.62057     -0.118  1027.7268       9112    252.581 0.0000e+00
    252.000    12.0661  40.210007    35.0332 7.7393e-01    7.43580   10.62651     -0.121  1027.7370       9130    253.588 0.0000e+00
    253.000    12.0576  40.202550    35.0335 7.7771e-01    7.43777   10.62932     -0.122  1027.7434       9147    254.595 0.0000e+00
    254.000    12.0519  40.197311    35.0332 7.7595e-01    7.43797   10.62960     -0.124  1027.7488       9166    255.602 0.0000e+00
    255.000    12.0465  40.192482    35.0332 7.7080e-01    7.43932   10.63153     -0.124  1027.7543       9187    256.609 0.0000e+00
    256.000    12.0441  40.190397    35.0330 7.6638e-01    7.44068   10.63347     -0.124  1027.7591       9209    257.616 0.0000e+00
    257.000    12.0362  40.183324    35.0330 7.7044e-01    7.44022   10.63282     -0.124  1027.7652       9229    258.623 0.0000e+00
    258.000    12.0306  40.178857    35.0335 7.3174e-01    7.44293   10.63669     -0.122  1027.7711       9249    259.629 0.0000e+00
    259.000    12.0245  40.173867    35.0339 6.8650e-01    7.44579   10.64078     -0.121  1027.7772       9269    260.637 0.0000e+00
    260.000    12.0198  40.169248    35.0334 6.7253e-01    7.44889   10.64521     -0.122  1027.7822       9288    261.643 0.0000e+00
    261.000    12.0085  40.159151    35.0337 7.7456e-01    7.45222   10.64997     -0.123  1027.7892       9307    262.650 0.0000e+00
    262.000    11.9997  40.151167    35.0338 6.9014e-01    7.44986   10.64660     -0.124  1027.7954       9326    263.657 0.0000e+00
    263.000    11.9874  40.139872    35.0339 7.5963e-01    7.45136   10.64874     -0.125  1027.8024       9346    264.664 0.0000e+00
    264.000    11.9682  40.123301    35.0353 6.8708e-01    7.45582   10.65512     -0.124  1027.8118       9369    265.671 0.0000e+00
    265.000    11.9648  40.120285    35.0351 7.7830e-01    7.45773   10.65784     -0.123  1027.8168       9391    266.678 0.0000e+00
    266.000    11.9598  40.115929    35.0351 7.7601e-01    7.46066   10.66203     -0.123  1027.8223       9409    267.685 0.0000e+00
    267.000    11.9532  40.109881    35.0350 7.7610e-01    7.46190   10.66380     -0.121  1027.8279       9426    268.692 0.0000e+00
    268.000    11.9476  40.104878    35.0349 7.7570e-01    7.46277   10.66504     -0.121  1027.8335       9443    269.699 0.0000e+00
    269.000    11.9312  40.090237    35.0355 7.7806e-01    7.46753   10.67184     -0.120  1027.8417       9461    270.706 0.0000e+00
    270.000    11.9331  40.092614    35.0357 7.7621e-01    7.46775   10.67217     -0.121  1027.8459       9484    271.713 0.0000e+00
    271.000    11.9349  40.093933    35.0348 7.7572e-01    7.46793   10.67242     -0.118  1027.8494       9514    272.720 0.0000e+00
    272.000    11.9291  40.089103    35.0351 7.7822e-01    7.46982   10.67512     -0.117  1027.8552       9537    273.727 0.0000e+00
    273.000    11.9272  40.087448    35.0348 7.7531e-01    7.46993   10.67529     -0.117  1027.8598       9555    274.734 0.0000e+00
    274.000    11.9221  40.083266    35.0351 7.4662e-01    7.47057   10.67619     -0.117  1027.8656       9571    275.741 0.0000e+00
    275.000    11.9205  40.082377    35.0353 5.9868e-01    7.47226   10.67860     -0.117  1027.8706       9588    276.748 0.0000e+00
    276.000    11.9106  40.072839    35.0349 7.8267e-01    7.47459   10.68194     -0.117  1027.8766       9605    277.755 0.0000e+00
    277.000    11.9056  40.069054    35.0354 7.7319e-01    7.47524   10.68287     -0.118  1027.8825       9625    278.762 0.0000e+00
    278.000    11.8964  40.060414    35.0352 7.6775e-01    7.47674   10.68501     -0.118  1027.8887       9659    279.769 0.0000e+00
    279.000    11.8938  40.058884    35.0357 7.7481e-01    7.47784   10.68659     -0.117  1027.8941       9678    280.777 0.0000e+00
    280.000    11.8937  40.058762    35.0353 7.7228e-01    7.48062   10.69055     -0.117  1027.8983       9694    281.784 0.0000e+00
    281.000    11.8860  40.052636    35.0360 5.6712e-01    7.48216   10.69276     -0.116  1027.9048       9711    282.791 0.0000e+00
    282.000    11.8767  40.043693    35.0356 7.8364e-01    7.48421   10.69569     -0.116  1027.9108       9728    283.798 0.0000e+00
    283.000    11.8562  40.024561    35.0357 7.7608e-01    7.48728   10.70007     -0.117  1027.9194       9748    284.805 0.0000e+00
    284.000    11.8367  40.007936    35.0374 7.3212e-01    7.49085   10.70518     -0.115  1027.9290       9774    285.812 0.0000e+00
    285.000    11.8353  40.006913    35.0373 7.1329e-01    7.49098   10.70536     -0.114  1027.9337       9798    286.819 0.0000e+00
    286.000    11.8262  39.998174    35.0368 7.4542e-01    7.49424   10.71002     -0.114  1027.9396       9817    287.826 0.0000e+00
    287.000    11.8148  39.989117    35.0382 5.8388e-01    7.49633   10.71300     -0.115  1027.9474       9834    288.833 0.0000e+00
    288.000    11.8045  39.979800    35.0384 5.2691e-01    7.49836   10.71590     -0.116  1027.9541       9850    289.840 0.0000e+00
    289.000    11.7961  39.972293    35.0385 5.3284e-01    7.49969   10.71781     -0.118  1027.9602       9869    290.847 0.0000e+00
    290.000    11.7583  39.935175    35.0373 7.7953e-01    7.50539   10.72595     -0.121  1027.9711       9895    291.854 0.0000e+00
    291.000    11.7221  39.902874    35.0393 7.7661e-01    7.51101   10.73399     -0.123  1027.9842       9921    292.862 0.0000e+00
    292.000    11.7149  39.896613    35.0395 7.7783e-01    7.51297   10.73679     -0.123  1027.9903       9941    293.869 0.0000e+00
    293.000    11.7116  39.894008    35.0396 7.7533e-01    7.51430   10.73868     -0.126  1027.9954       9958    294.876 0.0000e+00
    294.000    11.7096  39.892038    35.0391 7.7497e-01    7.51394   10.73817     -0.128  1027.9999       9974    295.883 0.0000e+00
    295.000    11.7079  39.890469    35.0387 7.7650e-01    7.51598   10.74109     -0.131  1028.0045       9992    296.890 0.0000e+00
    296.000    11.6904  39.874137    35.0388 7.3890e-01    7.52084   10.74803     -0.133  1028.0124      10019    297.897 0.0000e+00
    297.000    11.6805  39.866132    35.0398 5.5312e-01    7.52262   10.75058     -0.133  1028.0196      10048    298.904 0.0000e+00
    298.000    11.6567  39.844454    35.0405 5.5737e-01    7.52638   10.75595     -0.134  1028.0293      10067    299.911 0.0000e+00
    299.000    11.6393  39.829541    35.0418 5.2964e-01    7.52919   10.75997     -0.135  1028.0382      10084    300.919 0.0000e+00
    300.000    11.6286  39.819981    35.0421 6.1759e-01    7.53233   10.76445     -0.137  1028.0450      10101    301.926 0.0000e+00
    301.000    11.6231  39.815288    35.0422 5.6181e-01    7.53329   10.76582     -0.137  1028.0506      10118    302.933 0.0000e+00
    302.000    11.6191  39.812603    35.0429 5.9726e-01    7.53572   10.76930     -0.136  1028.0564      10138    303.940 0.0000e+00
    303.000    11.6074  39.803549    35.0446 5.8781e-01    7.53957   10.77479     -0.137  1028.0645      10170    304.947 0.0000e+00
    304.000    11.5909  39.788555    35.0450 5.4046e-01    7.54227   10.77866     -0.134  1028.0725      10196    305.954 0.0000e+00
    305.000    11.5876  39.785540    35.0447 5.2980e-01    7.54230   10.77870     -0.131  1028.0774      10214    306.962 0.0000e+00
    306.000    11.5758  39.774668    35.0448 5.2436e-01    7.54593   10.78389     -0.129  1028.0842      10231    307.969 0.0000e+00
    307.000    11.5561  39.755958    35.0445 6.1341e-01    7.54789   10.78670     -0.128  1028.0923      10248    308.976 0.0000e+00
    308.000    11.5339  39.736141    35.0455 5.4682e-01    7.55080   10.79085     -0.128  1028.1018      10265    309.983 0.0000e+00
    309.000    11.5012  39.706885    35.0471 5.2461e-01    7.55771   10.80072     -0.129  1028.1139      10288    310.990 0.0000e+00
    310.000    11.4542  39.664325    35.0492 5.5282e-01    7.56228   10.80726     -0.135  1028.1290      10323    311.997 0.0000e+00
    311.000    11.4400  39.651199    35.0492 5.2525e-01    7.56962   10.81775     -0.136  1028.1363      10343    313.005 0.0000e+00
    312.000    11.4265  39.639332    35.0498 5.2718e-01    7.57224   10.82149     -0.135  1028.1438      10360    314.012 0.0000e+00
    313.000    11.4143  39.627950    35.0497 5.3786e-01    7.57444   10.82463     -0.135  1028.1505      10377    315.019 0.0000e+00
    314.000    11.3971  39.611615    35.0494 6.6472e-01    7.57710   10.82843     -0.135  1028.1581      10394    316.026 0.0000e+00
    315.000    11.3699  39.586915    35.0503 5.9981e-01    7.58256   10.83624     -0.134  1028.1686      10412    317.033 0.0000e+00
    316.000    11.3574  39.574425    35.0493 5.7459e-01    7.58464   10.83920     -0.133  1028.1747      10441    318.041 0.0000e+00
    317.000    11.3473  39.564783    35.0489 5.9464e-01    7.58600   10.84115     -0.133  1028.1808      10468    319.048 0.0000e+00
    318.000    11.3425  39.560138    35.0484 5.8730e-01    7.58723   10.84291     -0.134  1028.1858      10486    320.055 0.0000e+00
    319.000    11.3381  39.556077    35.0481 5.9107e-01    7.59084   10.84806     -0.136  1028.1909      10503    321.063 0.0000e+00
    320.000    11.3190  39.537929    35.0478 5.8825e-01    7.59303   10.85120     -0.137  1028.1988      10520    322.070 0.0000e+00
    321.000    11.2858  39.507715    35.0490 6.0251e-01    7.59824   10.85864     -0.139  1028.2105      10538    323.077 0.0000e+00
    322.000    11.2678  39.491162    35.0492 5.9035e-01    7.60263   10.86492     -0.142  1028.2187      10558    324.084 0.0000e+00
    323.000    11.2385  39.463692    35.0493 5.9465e-01    7.60790   10.87245     -0.147  1028.2287      10583    325.092 0.0000e+00
    324.000    11.2015  39.428730    35.0493 5.8214e-01    7.61315   10.87996     -0.149  1028.2403      10605    326.099 0.0000e+00
    325.000    11.1796  39.408658    35.0497 5.7869e-01    7.61792   10.88676     -0.150  1028.2493      10624    327.106 0.0000e+00
    326.000    11.1724  39.401503    35.0490 6.1192e-01    7.61823   10.88721     -0.150  1028.2546      10644    328.113 0.0000e+00
    327.000    11.1616  39.391817    35.0492 5.9095e-01    7.62204   10.89266     -0.154  1028.2613      10666    329.121 0.0000e+00
    328.000    11.1567  39.387346    35.0490 5.8484e-01    7.62550   10.89760     -0.158  1028.2666      10686    330.128 0.0000e+00
    329.000    11.1507  39.382300    35.0493 5.6024e-01    7.62563   10.89779     -0.162  1028.2724      10704    331.135 0.0000e+00
    330.000    11.1447  39.376863    35.0490 5.7018e-01    7.62797   10.90114     -0.165  1028.2779      10722    332.143 0.0000e+00
    331.000    11.1418  39.373855    35.0484 5.8925e-01    7.62980   10.90375     -0.165  1028.2825      10744    333.150 0.0000e+00
    332.000    11.1342  39.366684    35.0481 5.9134e-01    7.63224   10.90723     -0.165  1028.2881      10773    334.157 0.0000e+00
    333.000    11.1183  39.352468    35.0487 5.7687e-01    7.63514   10.91138     -0.166  1028.2961      10797    335.164 0.0000e+00
    334.000    11.1120  39.347018    35.0488 5.8389e-01    7.63747   10.91471     -0.166  1028.3019      10815    336.172 0.0000e+00
    335.000    11.1091  39.344334    35.0484 6.0899e-01    7.63797   10.91542     -0.166  1028.3066      10831    337.179 0.0000e+00
    336.000    11.1002  39.336359    35.0485 6.0352e-01    7.63987   10.91814     -0.165  1028.3129      10849    338.186 0.0000e+00
    337.000    11.0843  39.322192    35.0491 6.9451e-01    7.64322   10.92293     -0.167  1028.3209      10866    339.194 0.0000e+00
    338.000    11.0694  39.308579    35.0492 5.8616e-01    7.64574   10.92653     -0.168  1028.3283      10889    340.201 0.0000e+00
    339.000    11.0657  39.304945    35.0487 5.6810e-01    7.64646   10.92756     -0.167  1028.3330      10925    341.208 0.0000e+00
    340.000    11.0650  39.304446    35.0484 5.7346e-01    7.64912   10.93136     -0.168  1028.3375      10948    342.216 0.0000e+00
    341.000    11.0627  39.302506    35.0483 5.7593e-01    7.64969   10.93217     -0.167  1028.3423      10966    343.223 0.0000e+00
    342.000    11.0605  39.300794    35.0481 5.7814e-01    7.65000   10.93262     -0.167  1028.3471      10983    344.230 0.0000e+00
    343.000    11.0572  39.297958    35.0480 5.6742e-01    7.65217   10.93572     -0.167  1028.3522      11000    345.238 0.0000e+00
    344.000    11.0466  39.288237    35.0480 5.7656e-01    7.65528   10.94017     -0.167  1028.3587      11017    346.245 0.0000e+00
    345.000    11.0261  39.269404    35.0483 5.7551e-01    7.65798   10.94402     -0.169  1028.3673      11036    347.252 0.0000e+00
    346.000    10.9910  39.236991    35.0489 5.8041e-01    7.66483   10.95381     -0.173  1028.3789      11075    348.260 0.0000e+00
    347.000    10.9735  39.221271    35.0495 5.7020e-01    7.67080   10.96234     -0.174  1028.3871      11096    349.267 0.0000e+00
    348.000    10.9657  39.214008    35.0493 5.6439e-01    7.67248   10.96474     -0.174  1028.3929      11113    350.275 0.0000e+00
    349.000    10.9576  39.206499    35.0490 5.6094e-01    7.67437   10.96744     -0.171  1028.3987      11131    351.282 0.0000e+00
    350.000    10.9541  39.203349    35.0488 5.6094e-01    7.67387   10.96673     -0.168  1028.4037      11148    352.289 0.0000e+00
    351.000    10.9490  39.198615    35.0485 5.6037e-01    7.67673   10.97082     -0.166  1028.4089      11170    353.297 0.0000e+00
    352.000    10.9450  39.194967    35.0482 5.6013e-01    7.67689   10.97104     -0.164  1028.4140      11205    354.304 0.0000e+00
    353.000    10.9393  39.189887    35.0481 5.7828e-01    7.68011   10.97564     -0.164  1028.4194      11223    355.312 0.0000e+00
    354.000    10.9339  39.185139    35.0481 5.5769e-01    7.68130   10.97735     -0.164  1028.4249      11240    356.319 0.0000e+00
    355.000    10.9295  39.181419    35.0481 5.6025e-01    7.68272   10.97937     -0.166  1028.4303      11257    357.326 0.0000e+00
    356.000    10.9246  39.176991    35.0479 5.6468e-01    7.68446   10.98186     -0.166  1028.4356      11275    358.334 0.0000e+00
    357.000    10.9212  39.174018    35.0477 5.6050e-01    7.68492   10.98252     -0.168  1028.4406      11293    359.341 0.0000e+00
    358.000    10.9146  39.167879    35.0475 5.7611e-01    7.68625   10.98443     -0.168  1028.4462      11316    360.349 0.0000e+00
    359.000    10.8740  39.130439    35.0483 5.6770e-01    7.69472   10.99652     -0.172  1028.4589      11343    361.356 0.0000e+00
    360.000    10.8640  39.121414    35.0484 5.6447e-01    7.69752   11.00053     -0.173  1028.4654      11366    362.364 0.0000e+00
